4
0.55 2 1
30 90
dirt-straight-hilly:2,4,11,13,19,21,28
dirt-straight-flat:14,18
dirt-slalom-hilly:9,12
dirt-slalom-flat:1,20,29
asphalt-straight-hilly:15,16,22,25
asphalt-straight-flat:26,27,30
asphalt-slalom-hilly:6,7,17,23
asphalt-slalom-flat:3,5,8,10,24
5
mazda:0.007519289540189167 0.03541003984743419 0.1843113787563588 0.02839337443689549 0.14864387114723399 0.09212681752021426 0.03542649800038002 0.019380903877772925 0.059217613540559974 0.05892680724030592 0.00926118007807754 0.3213822260145779
toyota:0.2806260358084869 0.026808161028369144 0.07730217160273566 0.041941805169803704 0.11626586075741278 0.12828725438096417 0.03368992312778194 0.23554521578189994 0.00784400362596111 0.021841716552579316 0.029442460130343042 0.00040539203366238714
ferarri:0.04655518308185079 0.026336488643213495 0.435110647192546 0.0771598040510798 0.07006407188700518 0.14610978134726982 0.02764017959637634 0.011303065911466806 0.059904879488005165 0.03278501308494569 0.059289614495651254 0.007741271220589363
humvee:0.32517961275461954 0.09603331273561619 0.011550595234346114 0.010586866407922267 0.12481522326263562 0.020098757450220297 0.10139072629559069 0.07831334449893529 0.009134764332278932 0.0749701375938546 0.0025251069346429785 0.14540155249933756
go-kart:0.21586296793095197 0.08700031138415885 0.06350183593953314 0.09418374850927014 0.14632943163312245 0.026159426948206384 0.04848970996955784 0.012613443955086477 0.02606052956687227 0.060295413635376986 0.002500141971830966 0.2170030385560325
5
stig:0.11308829075431569 0.006242619581317519 0.06993224790404416 0.1554032074978497 0.004492385148125838 0.10096318141341172 0.17382232419282007 0.22776321114784767 0.02453696172989054 0.0520250268411496 0.0367564545540811 0.03497408923514635
schumacher:0.0026490337756425097 0.08175556055882542 5.852466413017649e-05 0.026067499833733025 0.4310785261992518 0.05385325362358426 0.11290761396489343 0.04505646117297607 0.10384514683207004 0.06556324865945537 0.04387020221966319 0.03329492849577457
anakin:0.012786629160251903 0.042182746993018834 0.014242502654426519 0.4830858612872594 0.003564150813087502 0.038432343654581404 0.09115946201204539 0.035706717102118264 0.09833444611976822 0.03498180331816293 0.012155115650745896 0.13336822123453385
mushroom:0.09049912333732091 0.09340834188374203 0.12915176970301298 0.01782415364691908 0.15976531725431012 0.16447981938583842 0.05582941298089972 0.07762348753819331 0.026735549233781037 0.026657108389972792 0.15157299530601911 0.006452921339990453
crash:0.04671943361869408 0.006314226571696575 0.12250428286449702 0.17984394685961566 0.10561093886184189 0.04344115315679921 0.06072705337556367 0.10653709248187941 0.018971652668263835 0.2530680043600606 0.034312893600920116 0.021949321580167616
all-terrain:0.0641148319343279 0.07548637638943577 0.09825234183185337 0.06484034640874936 0.006242803661443671 0.11493177135834982 0.025264682623647193 0.010989703485271006 0.3021937361377679 0.0809509960777549 0.051621617674809654 0.10511079241658955
mud:0.01443818433642905 0.008823598238063935 0.06872454801521277 0.06121544270414405 0.12750465022129923 0.09910150141798642 0.005203310863264705 0.2548844852905914 0.03268268234728898 0.0728742659583378 0.001648838607632493 0.2528984919997491
low-profile:0.05203296991581584 0.026561200788922715 0.0614116282442602 0.05906107971692504 0.056427735157276566 0.1706967026921803 0.08060777609654153 0.12401892516270069 0.17441145945852193 0.0804932918851936 0.09976951391912722 0.014507716962534374
performance:0.03892307820060522 0.20361162950447573 0.06467683010155778 0.04978423014926269 0.1379137869063586 0.015450403504689255 0.1723962219057515 0.0038197710844282778 0.05209512952495915 0.11558353200831017 0.009039962256013136 0.1367054248535883
3 3 1 4 2 1 2 2 3 2 2 1 4 5 3 5 4 2 5 5 1 2 1 2 5 1 5 3 2 4 5 5 3 4 5 2 5 4 5 2 2
0.1360866290658436 0.19202491370771657 0.2091455629664777 0.025333786160231818 0.06896454216580872 0.22341380160189936 0.02136920715017886 0.12366155718184334
