4
0.66 1 2
30 90
dirt-straight-hilly:1,6,25
dirt-straight-flat:5,11,14,20,23,24,29
dirt-slalom-hilly:21
dirt-slalom-flat:13
asphalt-straight-hilly:3,4,8,12,18
asphalt-straight-flat:7,15,16,19,30
asphalt-slalom-hilly:10,17,22,26
asphalt-slalom-flat:2,9,27,28
5
mazda:0.0469081459999931 0.01550555976576709 0.032872583814942506 0.029539507600646626 0.023955640537830093 0.0321463092100642 0.06870916132658961 0.23277698414174844 0.43584845358275154 0.04528649180948475 0.02976782533115949 0.006683336879022678
toyota:0.13722126991557018 0.04459534422722735 0.07361709892914034 0.12409418133478535 0.05583450532238425 0.11576830362190943 0.018541768965591652 0.007704774084928483 0.022360103989603912 0.154041540199072 0.10438265295043223 0.141838456459355
ferarri:0.17855084771605298 0.1562795194024038 0.20664308719844832 0.035507599004484976 0.11653180380670274 0.11314756468619619 0.005700470151560364 0.002714370786281726 0.022189833754908603 0.12462090685085885 0.02359743930854529 0.014516557333555996
humvee:0.0850745938387931 0.2860541142019987 0.07916507643243677 0.10902191761083133 0.03568719998355232 0.031850633716924 0.04461711498915315 0.01969312156767759 0.09943553298955027 0.13328939906673035 0.010745572218770285 0.06536572338358215
go-kart:0.029544088903695757 0.07399015670087755 0.17052739479160725 0.2887833633307448 0.08119741587947825 0.06251999805347752 0.06568945451793448 0.01480590538881845 0.04635717200453469 0.05888489910386538 0.007903160912483161 0.09979699041248286
5
stig:0.055634746191055705 0.08405575198522376 0.01315795707475253 0.09202960648505902 0.05280129210906201 0.06373240045319763 0.09009620294638487 0.3045576663046859 0.02246757195612019 0.007370144464129751 0.16677968468409365 0.04731697534623507
schumacher:0.06834447551933721 0.10291626328409752 0.015139580766232587 0.00486335466614662 0.1006342886285069 0.12568781768459542 0.1257542430070876 0.025220175890651446 0.031461033584363016 0.18235030197445318 0.19521948576528939 0.02240897922923919
anakin:0.12668027007025498 0.008631721676470474 0.016347253972086223 0.20356840650554997 0.0615956894274475 0.00653189800429674 0.03516679370138872 0.0056221635854858875 0.2829960844281357 0.1299136479161528 0.08498471600408113 0.037961354708650134
mushroom:0.0764450842334181 0.23419450668851452 0.026144510211163284 0.10394019719555983 0.017531732652799347 0.0712664285197335 0.11452267913335851 0.0019679118993716624 0.04544000081489892 0.23261680082910213 0.01761132533528275 0.058318822486797206
crash:0.05748727098199451 0.038378549267914945 0.2215538670788695 0.05360567981901816 0.07825622788609184 0.25214052915040336 0.012208756253335954 0.13335608256552153 0.0107169917703279 0.06918293008431765 0.0312537628104259 0.041859352331778565
all-terrain:0.127883334832775 0.07984185819670978 0.2655329455052322 0.031312157634022925 0.09267231802201997 0.15914767141606312 0.04720705046506625 0.04195973113459698 0.030683953449034112 0.0163477874521188 0.04985773152298605 0.05755346036937478
mud:0.0938014932110408 0.03942598840299999 0.46750838313728743 0.030212845569569872 0.07196726052267484 0.09151560366382971 0.009473682852053092 0.03736977289199619 0.014986739595404829 0.010246093827535357 0.015481714429415091 0.1180104218961928
low-profile:0.02847190607376114 0.08027880965129126 0.012153135594050634 0.010644535567242944 0.07277879250202572 0.07164926758223152 0.1943082658867295 0.05325400579726478 0.13379001141696686 0.07104173567789444 0.10991137622596582 0.1617181580245754
performance:0.06512824725246472 0.16191180192677046 0.018463483314249844 0.019047494256571106 0.05661910812419211 0.16117736946118438 0.006817602254307709 0.022814810261468088 0.08841457210532355 0.01478855677683062 0.1189622231329295 0.26585473113370794
3 1 4 5 4 3 3 2 3 2 5 1 2 1 5 4 5 1 2 3 3 4 5 3 1 2 1 4 1 2 2 2 3 4 3 1 4 4 4 5 1
0.09640269391027483 0.02450656707675411 0.11771390016717351 0.19112604161949034 0.18883879644742493 0.07873682948654703 0.08550149026675172 0.21717368102558357
