4
0.89 1 1
30 90
dirt-straight-hilly:6,10,11,27
dirt-straight-flat:2,12,22
dirt-slalom-hilly:9,15,16
dirt-slalom-flat:3,17,21
asphalt-straight-hilly:7,13,14,23,25,26
asphalt-straight-flat:1,18,19,30
asphalt-slalom-hilly:4,8,20,28,29
asphalt-slalom-flat:5,24
5
mazda:0.10423375893206703 0.0036928494271151664 0.021231359414150046 0.08359616059571073 0.02720233250232912 0.18526191637566752 0.24319083178199755 0.035953299255343685 0.025050736449303498 0.028467979071498024 0.05002087550340635 0.19209790069141117
toyota:0.11800120868792296 0.013142713707338228 0.018574337118523174 0.19066146194262218 0.03709727022779361 0.008501485572839114 0.035942881901019394 0.21182753959500367 0.00930240691193294 0.218162675422831 0.12008205516095369 0.018703963751219906
ferarri:0.029913555602167557 0.11521104700698127 0.056686692862535304 0.035386610013708034 0.18681053433744 0.012150891777998373 0.028055719255925617 0.12320572559759176 0.16904017419726058 0.007087293713245778 0.08015798303198036 0.15629377260316538
humvee:0.015167424835485319 0.06334978815437452 0.025143761861258426 0.1238097994044091 0.07790580502307196 0.052165534290401876 0.18348368951695068 0.2252578896844004 0.16638835655212697 0.0074706531814969935 0.053647193485159186 0.006210104010864618
go-kart:0.11284381152004501 0.016915090981320706 0.12166324453327361 0.08464312316118511 0.013450936438739883 0.08380794981907719 0.17354784626744835 0.016811087377444262 0.13534927386515228 0.04077952031799571 0.06024122602798361 0.13994688969033414
5
stig:0.11931182859048006 0.09481591441144245 0.1784421642888953 0.07049310033048889 0.05751775694433117 0.09450379282892385 0.10261968485962636 0.06281205248077545 0.08828913421837095 0.05390686297638934 0.03695794476930551 0.04032976330097078
schumacher:0.2836225626166128 0.019546011287802985 0.17113470348748416 0.02577924905409972 0.035403314844190896 0.04223306367525382 0.07143220968963881 0.030790653666249376 0.13411616694277537 0.05118635092771131 0.08683780132839229 0.047917912479788306
anakin:0.04202857982850478 0.17927473456964785 0.23783479884988823 0.024326537771093244 0.13087740486330318 0.0002906714231777749 0.11463352073505532 0.09459633713628987 0.011419113423381387 0.051171371683647444 0.054513825807754886 0.0590331039082562
mushroom:0.0015802735664385047 0.1093504989937049 0.006590292244248706 0.06771545354425877 0.11136518333469413 0.04783524416791219 0.18751593278284978 0.03397909290494468 0.10994161792569648 0.14407839139421963 0.12116953325138476 0.05887848588964754
crash:0.0705886558477717 0.16031737937386892 0.09836790908409868 0.10211763424010296 0.04691369543536696 0.0698805586757602 0.047658195138833924 0.024556744773989718 0.13605668283784608 0.040926022087972726 0.052062422089447453 0.1505541004149407
all-terrain:0.08415837151747085 0.09663277924261182 0.03162727038651971 0.11092507763833652 0.0866248746630644 0.000977940778881101 0.10727159797815781 0.012282218490936248 0.10946997210075841 0.042094892890587064 0.02268585175054791 0.2952491525621282
mud:0.07773423457018314 0.01579990316031473 0.0633037220294664 0.12360747077848051 0.20239153127073256 0.19951932715969864 0.023286022471176986 0.04498249630763022 0.018024962313744033 0.11682905055691781 0.04229714244401124 0.07222413693764378
low-profile:0.21588888771784587 0.15056016920310225 0.24740899278730705 0.02587561664493963 0.012746218297160418 0.07362872750429376 0.026897564224808435 0.014981493619166788 0.0906516390453999 0.03918780136809631 0.05207069810901831 0.05010219147886137
performance:0.10041337981342505 0.06428299495554099 0.19078279611280913 0.29335242381101284 0.004699738742708313 0.15145188307972282 0.0414389759567299 0.00775421422699406 0.013575928899164232 0.11470122116346197 0.0076250225863509855 0.009921420652079549
5 4 2 2 1 1 3 4 1 1 4 4 4 2 3 4 4 5 2 3 4 2 2 3 1 1 2 3 1 3 2 4 4 4 2 5 5 4 3 2 3
0.1648490815225965 0.012110133609803588 0.13022506422354616 0.12331503557026158 0.22469284827579447 0.13955977933759886 0.0941176131777995 0.11113044428259931
