4
0.74 2 2
30 90
dirt-straight-hilly:7,10,15
dirt-straight-flat:13,24,27
dirt-slalom-hilly:6,11,14,16,18,19,30
dirt-slalom-flat:3,26
asphalt-straight-hilly:9,12,28
asphalt-straight-flat:8
asphalt-slalom-hilly:1,5,17,20,22,23,25
asphalt-slalom-flat:2,4,21,29
5
mazda:0.23038287496129642 0.19297112562292693 0.017150781359703417 0.07195010552062844 0.010436617706229638 0.1099436517224572 0.014707494031571197 0.07607821856866477 0.12053947477959076 0.02056445154241226 0.07680468910550874 0.05847051507901027
toyota:0.030048002604136575 0.06554597842152532 0.029265440465097933 0.1396082389460237 0.013803986305471644 0.08046577674356893 0.2445665932063789 0.2773587379185347 0.012239990467356764 0.028716877643124757 0.0132457938644822 0.06513458341429838
ferarri:0.02525291406693304 0.013679758238614266 0.05887732902087739 0.025739129439354354 0.16615449498062393 0.19595857232579914 0.0320938037038676 0.021099230246052588 0.012870022381762887 0.13226465533982282 0.09012494780464762 0.22588514245164454
humvee:0.008961925129130984 0.08368461828083627 0.11081417053971274 0.1465713073423995 0.027791207687524917 0.1870384513108649 0.1615797474061235 0.09141142816786033 0.10798507827716584 0.002726598566146634 0.04494813870581098 0.02648732858642349
go-kart:0.12721299615891246 0.044293628306482515 0.03416903473858981 0.03400772691583764 0.04263702180169746 0.13928083344849124 0.039345346425791135 0.30738002358145367 0.024533404489939056 0.038804778325357676 0.08999402829522503 0.07834117751222226
5
stig:0.06990338483056031 0.05788433719052433 0.06529923116305289 0.06366146508098293 0.013432261444202518 0.044674164350837445 0.017438456950021216 0.09591092555569278 0.34473553331744844 0.18787817633124962 0.030450596538953965 0.008731467246473843
schumacher:0.07130312110030042 0.07214417060026969 0.012517370290828245 0.22379417833661777 0.2225857820839784 0.05931446665888083 0.03232727330853335 0.03110029017524108 0.007867107531478778 0.12818310719694295 0.0354768155224305 0.10338631719449784
anakin:0.029905597925110942 0.15886753892207373 0.06584305338027668 0.2138926962052892 0.03948169162485248 0.13359554583144326 0.0586487952943947 0.055389325075307416 0.14899778668115554 0.015219670131363643 0.051560464110314376 0.028597834818417992
mushroom:0.027733258610295203 0.07655699091360851 0.09510233791544881 0.08397565060674164 0.13448948365215824 0.1059182852632001 0.03623319626916426 0.3252755886269079 0.005774955508269547 0.00984399751170405 0.04519116351577414 0.05390509160672746
crash:0.02861151340987058 0.047353404954582554 0.03193201618394543 0.08298151048319623 0.161398225485167 0.1756939829233592 0.04347633073929752 0.14787810958056632 0.00859510389492521 0.03977758418817439 0.08214098209746303 0.1501612360594525
all-terrain:0.12205747658909842 0.03005500819497897 0.17511675344448707 0.030356058826595072 0.10231987723259284 0.33073865939632585 0.044194119224965966 0.03133545017154593 0.03165116640255127 0.07950143830722652 0.01755099993436324 0.005122992275268936
mud:0.015704919199092445 0.055369875963805035 0.00936583744272311 0.02459767134970903 0.08803801622165572 0.0009894728025649014 0.24667559662065985 0.2694584095190507 0.015840807197157133 0.21126107890296064 0.01866691683123011 0.044031397949391406
low-profile:0.09563809168670541 0.1854476070094444 0.025047010513303162 0.010277692573210557 0.12806645341778425 0.02373383473022531 0.03552803392754797 0.03918591966313946 0.0007135703034661277 0.19516957723867176 0.0834595665115011 0.1777326424250005
performance:0.025104826901298536 0.01514349279160101 0.005574919954894647 0.09849311312569725 0.06172484313663706 0.08900775059798642 0.16955566750865111 0.1307137793969403 0.07173354550076193 0.08479739263891313 0.1279754340456926 0.12017523440092615
3 3 5 3 1 2 2 1 1 3 5 4 1 3 1 3 3 3 1 1 3 2 1 3 4 2 1 2 4 1 5 5 5 2 5 3 2 5 4 4 5
0.04714955591690189 0.2560506328520407 0.09103753914453544 0.18026534445335138 0.24987772645485135 0.052007786706047436 0.07021408041693483 0.05339733405533702
