4
0.64 2 1
30 90
dirt-straight-hilly:4,5,10,14,16,21
dirt-straight-flat:3
dirt-slalom-hilly:1,30
dirt-slalom-flat:23
asphalt-straight-hilly:9,18,19,26,27
asphalt-straight-flat:8,13,17,20,29
asphalt-slalom-hilly:2,7,11,22,24,28
asphalt-slalom-flat:6,12,15,25
5
mazda:0.34009597287768506 0.032244971328043735 0.04194963318311848 0.01959649863161217 0.013362127046118064 0.025934600447786758 0.0643864085996559 0.1389675331412253 0.184258553756667 0.08116177339621886 0.05677108756325273 0.001270840028615671
toyota:0.08536677290353618 0.017074224733763407 0.004610295215098295 0.08488083301683678 0.19561682316571494 0.0962445670335015 0.04342484073853027 0.09245885954745064 0.022343581612379662 0.06887840668313001 0.2192315160273045 0.06986927932275383
ferarri:0.32554008012294594 0.01388263932135218 0.018961844530534275 0.016348486192768946 0.12690701503903426 0.018810257528691532 0.017927398381412468 0.10504430754249222 0.10873085228289027 0.07649744689494663 0.0998265663938175 0.07152310576911368
humvee:0.033116014803968405 0.09920527603775377 0.023193811229589436 8.785441989224074e-05 0.07537524924567843 0.2559853624574634 0.12603253805478598 0.0602244105076134 0.15625932965965852 0.10939396359813416 0.029470639332781812 0.031655550652680414
go-kart:0.0643098855960143 0.0030660345626357844 0.0016202689461288805 0.12563692621970562 0.04305472822457973 0.12362963506220588 0.2548300054054825 0.15105238913921254 0.016791983687780242 0.11456364586765717 0.05856251886450521 0.042881978424091916
5
stig:0.2567189254967147 0.03660729940062243 0.036682834125620116 0.029934148285454723 0.04995400876306244 0.22763934568747946 0.06528307487834696 0.04461925642910945 0.059920469998555284 0.0390266243056242 0.07647806723766112 0.07713594539174888
schumacher:0.030541280610786807 0.2247799149817183 0.06528531981352571 0.05151420526314598 0.03350241394193174 0.015414600561245424 0.056829005029193726 0.32311153236862045 0.0131232113244756 0.0709304083589156 0.08344834989707565 0.031519757849365
anakin:0.019235785957257383 0.32086131460905626 0.13583656878092812 0.04695294739159679 0.18239736300527157 0.03578426379314995 0.051984633822008505 0.022578427659667947 0.017621619315097488 0.04690997888640257 0.02004688967930799 0.09979020710025528
mushroom:0.010624408541950334 0.19685668447814333 0.13643652872295187 0.09789014429726002 0.04834883802305663 0.02545075872218615 0.005186491971513305 0.04628804961456556 0.24354184492428527 0.07642982226074424 0.09946487218575857 0.013481556257584779
crash:0.1533413508944783 0.02819927086376609 0.061484545158187555 0.010456737824395849 0.1021386412302297 0.14733537306748076 0.122975585598136 0.038806508093675945 0.22218161841948358 0.03918075891321446 0.055639150357565684 0.018260459579386015
all-terrain:0.024824111113887718 0.10335420670194613 0.05873151066808058 0.10007335782761898 0.007718815689497054 0.17392890503452055 0.10159902827551974 0.039878258350451966 0.03018224870489548 0.11116528678414944 0.06974067452588656 0.17880359632354595
mud:0.13847864255140693 0.024639798256194046 0.02514805348679369 0.01009237728136837 0.22895210149807654 0.06245678105290811 0.11770378462669148 0.015941942525739446 0.07646888232184063 0.05410361363772167 0.1631625174098381 0.08285150535142094
low-profile:0.2717371670236918 0.04119570376973534 0.009711860980269667 0.21813942212245857 0.04378751473133335 0.00010268361841911334 0.011062716629298527 0.076638839215692 0.19405573638492432 0.10141363657971988 0.010950752360334685 0.0212039665841227
performance:0.06549497958638555 0.021170088894430106 0.14070791007295022 0.011723326121683355 0.09026115856104294 0.2147214344062061 0.00851181799569558 0.28679249725250966 0.013070966024185544 0.0627341331077988 0.004625423301132801 0.08018626467597924
3 1 4 2 2 4 3 3 1 1 4 2 1 5 4 4 2 2 5 1 4 1 2 2 4 3 1 5 2 1 2 5 3 5 1 3 4 3 2 5 1
0.31756796881032107 0.09660246634308896 0.09382339970486456 0.17723992927906385 0.09438992819746397 0.009696714595895264 0.02349155439567929 0.18718803867362296
