4
0.51 2 1
30 90
dirt-straight-hilly:1,6,10,20,23
dirt-straight-flat:11,21,22
dirt-slalom-hilly:3,7,14,18,30
dirt-slalom-flat:4,9,24
asphalt-straight-hilly:2,5,13,17,26
asphalt-straight-flat:28
asphalt-slalom-hilly:12,16,25,27,29
asphalt-slalom-flat:8,15,19
5
mazda:0.025091461496218083 0.02939995959286168 0.08163662081287494 0.2552638064885212 0.0782813096108445 0.0800944246510384 0.04548869284377035 0.05598057469520591 0.25779493242029394 0.05398463352869409 0.03643093977156546 0.0005526440881114341
toyota:0.0012025295800494537 0.04005260850330836 0.011171048145213405 0.07317531249545711 0.13103961422127075 0.09918839825442324 0.1694179144349026 0.08599170660249274 0.08041800251676848 0.004452547759461882 0.12496973729527686 0.1789205801913751
ferarri:0.09363436953221908 0.0007147784342464482 0.007222507000072431 0.03526186623824467 0.09541893419271827 0.09731241147635733 0.1861024580933613 0.11282381558057437 0.031735587503442464 0.02198205423893697 0.313253905403256 0.004537312306570906
humvee:0.12122795017092569 0.16235614453251215 0.013944598237295387 0.04164042992178734 0.033249472586289124 0.21799256380468965 0.07241957488326625 0.09044393278309489 0.13508202842595415 0.06763372931929701 0.002258148775911117 0.04175142655897741
go-kart:0.1938040631929639 0.05232575184195486 0.0022215244760567646 0.04126832702599293 0.15593895260762353 0.11311635785499595 0.0771088694931609 0.0686524725414253 0.036582006799542 0.05095619136694137 0.1012553604245797 0.10677012237476283
5
stig:0.09287248679075916 0.0832011154823536 0.003067650452434963 0.09340831015701921 0.09466698352094158 0.16680778548958625 0.1323975569201849 0.009216643510915612 0.18772325353754768 0.02829875825375359 0.042646040866628085 0.06569341501787533
schumacher:0.11025294722230097 0.009129334901184722 0.029792732022752323 0.16766559430485717 0.050655672360467356 0.04103384000792054 0.13035540463736434 0.0187843580397707 0.16572984887183462 0.18731036345338511 0.05637559077041527 0.032914313407746816
anakin:0.07497500775276036 0.018687100942704298 0.05616488761189345 0.2115477184349534 0.06439481755930208 0.07351504441642366 0.19871243267921 0.17947405349490106 0.022609512411506133 0.03958883207698592 0.015460516983202461 0.044870075636157226
mushroom:0.10892528402644938 0.15504897971566134 0.11372136316835714 0.009168855623420326 0.03692298993694777 0.012181104249440463 0.008329234776617069 0.2010934709966868 0.13237557684228352 0.07234516228960146 0.07953117279331973 0.07035680558121514
crash:0.06436374062962347 0.04413637003524741 0.12697155475056715 0.006928522571668861 0.25484091473537346 0.03317502524402132 0.027303405373453795 0.02374224339530382 0.025692312212890558 0.1795356394908247 0.08962164698013808 0.12368862458088754
all-terrain:0.07011321365793348 0.05970943739619312 0.038641884237562936 0.129025097369967 0.05292771286940934 0.08393443154425147 0.0416204850295649 0.12972213361365437 0.1348281719635049 0.0056005894446168585 0.11470655598127123 0.1391702868920704
mud:0.14217049636530563 0.018673678392834743 0.028004433476170872 0.004462959612846369 0.1987377146858715 0.0061513206532360434 0.004296988008244576 0.11491877153466268 0.08142045776007348 0.037067461868820546 0.22165600787616846 0.14243970976576517
low-profile:0.05676462577362067 0.02529732145976293 0.06879638950291679 0.046444529685666924 0.04655310519075637 0.07721486227606482 0.11117728990686634 0.17864594979188964 0.12665041259257034 0.0029648127138519457 0.04161179257498183 0.2178789085310514
performance:0.02167321249618174 0.03008186245531878 0.04563227029451193 0.1175545715632193 0.1324869966955535 0.046972560562151836 0.042794650632954595 0.018787535535528067 0.08731014671361477 0.21517394100441065 0.10678075128241604 0.13475150076413886
5 5 3 5 4 2 2 2 1 2 1 5 4 3 5 5 4 5 4 5 5 3 4 4 4 4 4 5 3 1 1 4 5 2 5 4 5 3 5 1 5
0.0721980877186724 0.06939406784399227 0.09932401993910547 0.019804591731283374 0.037859900058451156 0.24862031976741497 0.2908010025610317 0.16199801038004877
