4
0.53 1 2
30 90
dirt-straight-hilly:6,8,20,25
dirt-straight-flat:1,3,10,13,18,28
dirt-slalom-hilly:2,19
dirt-slalom-flat:23
asphalt-straight-hilly:9,14,17,21,22,27
asphalt-straight-flat:12,16,26,30
asphalt-slalom-hilly:5,7,24,29
asphalt-slalom-flat:4,11,15
5
mazda:0.12033493022465946 0.11346878763312002 0.005400784003002738 0.05405400051364788 0.18612157684652753 0.28729485475282124 0.020878818839767502 0.01554805386198247 0.08790972380409715 0.01849097506598668 0.019316322565651863 0.0711811718887357
toyota:0.020330060338678534 0.007290832176149311 0.006104276187972847 0.03088877075907996 0.09178068738395571 0.09119737046590132 0.013804649340994863 0.03403684272353144 0.2057159147989208 0.17131514397658257 0.20008229596580912 0.12745315588242356
ferarri:0.05098915025334349 0.1502157073935193 0.012459809136389752 0.06042258671323669 0.05223150997216288 0.10569201098753155 0.16355316733517175 0.027823379901142743 0.13017900892734435 0.14347107689937708 0.0263795707480559 0.0765830217327245
humvee:0.023627220164785686 0.02815110906137744 0.3662412428327193 0.04188829464937823 0.0013593414812604196 0.11545372381498897 0.09079236600668501 0.004407065006806085 0.13432361341320992 0.0016448988356879825 0.05174586127331281 0.14036526345978798
go-kart:0.055983724575944215 0.1112356220624181 0.035132345149132944 0.11327462521453044 0.026847139765729534 0.07760623733733239 0.2933499015705606 0.05818229743893516 0.0778896606553647 0.05941831284362507 0.0709978430442942 0.020082290342132526
5
stig:0.06445705943508616 0.08654407296056248 0.09174037038946203 0.005918718169348386 0.01706693075210994 0.11981854120462483 0.004321017504164159 0.029396504768464123 0.15211056550954663 0.02086651996575274 0.04384317540451436 0.36391652393636414
schumacher:0.15819931454063635 0.027163323221329187 0.039151770275561826 0.0500394293596218 0.1609160226649332 0.04194118426758622 0.11710168751028449 0.14917830566960646 0.15661830776441485 0.013008924247652608 0.014285640180896864 0.07239609029747626
anakin:0.05559939907003535 0.11939054981719978 0.14401958745867607 0.02112209584402351 0.021007063811662105 0.20621686828630398 0.16184158126728862 0.055573801031269576 0.012499216864259881 0.05023266566629996 0.09349981613318435 0.05899735474979683
mushroom:0.055123965118599974 0.027061370886420594 0.17051547107846782 0.15333700886045903 0.13378519197788838 0.06573062651211645 0.032902308863092235 0.058581313386620884 0.09352217423208325 0.09634299129854144 0.036545003891422165 0.07655257389428767
crash:0.00046954016288667556 0.2402670018254689 0.19593683401048742 0.0958816037967066 0.07196815095338248 0.005428645025892534 0.003441156607083525 0.03958031022374311 0.009554968749470462 0.08412530509822932 0.20334728091844775 0.04999920262820121
all-terrain:0.0680335398806576 0.2458129799786006 0.17179257388708594 0.07780501837105759 0.05637664035641382 0.010284382854259411 0.13200476730686633 0.12697434868563903 0.008082600903929146 0.02242558032114018 0.016997580949237156 0.0634099865051132
mud:0.05229748656205139 0.06283993306377013 0.07913686497527302 0.07895822877402454 0.07293539983579286 0.06342958938200281 0.027854298849248425 0.1293777139613599 0.21585670773572585 0.05983248973698309 0.15690220839323143 0.0005790787305365213
low-profile:0.030739302723047486 0.04527862010147598 0.16792951316458807 0.08107542097292177 0.06814969846916971 0.1058823132083888 0.1274895126502164 0.2440310220859651 0.014659698669157561 0.04032890705720182 0.019437539400867933 0.054998451496999286
performance:0.006962383974082142 0.03392135695066807 0.12841205109406065 0.1291026050925072 0.11875362266269653 0.167788965367317 0.018222245682980285 0.06161368389775321 0.05277369803142114 0.10711142110070868 0.09830624683067316 0.07703171931513202
1 1 1 4 2 3 2 2 1 3 1 4 3 4 5 2 3 3 2 2 5 1 4 1 4 3 4 2 1 1 5 5 3 3 1 4 1 2 3 1 2
0.021327973365615142 0.5678497552070231 0.04521233203204265 0.10297986446168443 0.0635948323457705 0.0756976253500029 0.10728571911718575 0.016051898120675215
