4
0.56 1 1
30 90
dirt-straight-hilly:4,5,17,26,27
dirt-straight-flat:21
dirt-slalom-hilly:9,13,16,24,28,29
dirt-slalom-flat:2,23,30
asphalt-straight-hilly:6,7,15
asphalt-straight-flat:1,3,10,14
asphalt-slalom-hilly:12,18,22,25
asphalt-slalom-flat:8,11,19,20
5
mazda:0.024171267751991046 0.03885540634198146 0.04576831270300603 0.026008457789639988 0.20912802957797663 0.1196266231209764 0.00010232209926211703 0.0013780630445989891 0.18964390446724713 0.27729772254806107 0.04083487231440188 0.02718501824085719
toyota:0.016466264115794 0.004756379851606157 0.01633980083637438 0.31020714733663546 0.12315205528204874 0.08743817866613927 0.06447480060153 0.012502970672159018 0.03533957506228496 0.04321977335369365 0.07413228658049009 0.21197076764124403
ferarri:0.0781380289989236 0.2579268579009304 0.01356127960469403 0.017833322693669704 0.022861378942145204 0.03566973394698863 0.12203383054283753 0.03114717834972468 0.1679597147520633 0.10134858155204264 0.10869905382068171 0.042821038895298764
humvee:0.2377571102455265 0.06941063532971897 0.015193990008130267 0.2592808956069958 0.002833423643265404 0.02402731488052655 0.012471763764976716 0.011745210558217662 0.011421156033474515 0.05706787257171529 0.15163459511849087 0.14715603223896143
go-kart:0.07882030614038106 0.08230702001985903 0.07942609644066814 0.1399690471371732 0.08842681803235913 0.1301133774678137 0.17059489770836903 0.10497064129523344 0.028156002379025984 0.002629570391385213 0.08939228676840638 0.005193936219325811
5
stig:0.10577015772070854 0.05720164172838399 0.005466984714746528 0.17965038470555633 0.0075854824310390995 0.04798737162784455 0.003074134881468651 0.2479811219962313 0.1212505227735989 0.15331431982334098 0.042446460137826235 0.028271417459254995
schumacher:0.005127198624963455 0.17424648253717107 0.01169315908850641 0.018259928026373762 0.015299941349963255 0.020791345233615095 0.045064237168739 0.014018342691066736 0.020735598805825105 0.08969748794355602 0.5779528723800456 0.00711340615017472
anakin:0.2658029499718434 0.037000751332199454 0.001547421333138496 0.05147873073455186 0.2988149359638969 0.13262915622437052 0.05574270551296971 0.007265626764940885 0.016606803243590918 0.005885701527076208 0.008297799216828088 0.11892741817459385
mushroom:0.05259322177886832 0.03850247803650997 0.14947667602185777 0.007051415201377053 0.03766654084257709 0.20539704803727787 0.039409133356709175 0.17736702226594317 0.0012796134520784348 0.006408094492852164 0.18398264283836674 0.1008661136755823
crash:4.209056532784506e-07 0.042154491215885756 0.061360495759756065 0.1641126270752769 0.04769037846134514 0.2085382822641151 0.020689856276812652 0.01925407518083175 0.3557533672269753 0.07569495523169663 0.00043985376614204535 0.004311196635509329
all-terrain:0.3134546316767528 0.011964789036403356 0.020309764125225095 0.17890209704496757 0.13660918251339182 0.1334320812216037 0.035645581589250595 0.0036832799523690263 0.04271881690042434 0.004063070018297804 0.050812791729560394 0.06840391419175362
mud:0.09328667205208183 0.041308465624550636 0.001400703977043253 0.0195850699265587 0.08280577903946872 0.11835563167227618 0.12061415304695375 0.136629295192238 0.002371276530196854 0.11422657005101855 0.2113814200651321 0.058034962822481426
low-profile:0.007153588990817269 0.06496181375655123 0.01572154648053029 0.19190384783725187 0.185400503342589 0.006560289538053746 0.058153887904712626 0.19509790187494294 0.025358698503841294 0.08099357830566568 0.16485415193616898 0.0038401915288749596
performance:0.06578197616589664 0.20514729512152127 0.038874582041041175 0.238148670387997 0.005705814707615569 0.1312412280787732 0.021778176811886263 0.15999354756926645 0.02698060418107676 0.01946772418670587 0.02607250281673292 0.06080787793148687
3 3 2 3 2 1 4 3 1 1 4 1 3 3 3 3 5 3 3 5 5 3 2 3 1 4 1 1 5 4 5 1 5 1 5 4 2 5 3 4 3
0.16169294629243153 0.05797688387627703 0.03884682865887361 0.04270450015825539 0.023451108842221822 0.4156361915002303 0.05499716224518936 0.20469437842652097
