4
0.59 1 2
30 90
dirt-straight-hilly:4,17,23,30
dirt-straight-flat:6,14,20,22,26
dirt-slalom-hilly:1,10,11,12,15,27
dirt-slalom-flat:9,16,29
asphalt-straight-hilly:25,28
asphalt-straight-flat:8,19,21
asphalt-slalom-hilly:2,3,5,7,18
asphalt-slalom-flat:13,24
5
mazda:0.010338977987177948 0.027458411343519774 0.22961325665250149 0.0413870944410393 0.12480913589200186 0.16999154239943057 0.027930212016223824 0.09309621899038302 0.0419976631332229 0.09342251255505356 0.0015335199422069562 0.13842145464723885
toyota:0.07791501252266937 0.016171147209383705 0.017555657577835587 0.05013530669532285 0.02045618726025507 0.18527419308857873 0.2123842778591649 0.10828865407744928 0.057728338573834734 0.04467378851551932 0.13052643123327096 0.07889100538671559
ferarri:0.10937943476717091 0.1815643784213169 0.005780740116826245 0.014210341854394555 0.09651045763665926 0.04082921104476917 0.112739783531646 0.029326950982350254 0.03985769713342885 0.12310710092383818 0.1321740846917764 0.11451981889582322
humvee:0.24338537971970053 0.025298500727448832 0.04398546305057052 0.002187237760349685 0.07244665326309344 0.13798578390641286 0.08454268069430564 0.017840205104415748 0.16160113896088124 0.0508114415944404 0.06798798959068328 0.09192752562769788
go-kart:0.12167642758781883 0.01929289480521733 0.0047758790942918315 0.13109173851313088 0.08057487465795725 0.1579230232573271 0.031206454304820976 0.022182949231594664 0.01989930511800095 0.2801522408016778 0.03335579352747229 0.09786841910069005
5
stig:0.10482815695314786 0.05160621663552525 0.09322852053840902 0.08764391427736465 0.03559655596188036 0.07206271628014557 0.10717637643897467 0.03626086453182374 0.20893439290683108 0.04107053677284007 0.043218805659680955 0.11837294304337688
schumacher:0.2836141922339065 0.05938560843909686 0.04142462488746366 0.06387802680224977 0.06564626100091074 0.0053758884202011505 0.17099757560865403 0.10021578773764162 0.046502898848321914 0.0062628643065534405 0.026323354933030323 0.13037291678197013
anakin:0.039769773797382654 0.0037615087541107146 0.005191454929706769 0.011175600588114322 0.01832048727234652 0.21049677719518545 0.025994531901632374 0.06530499772257166 0.16826497996918943 0.016298893184473494 0.0759869509597575 0.3594340437255293
mushroom:0.05465697389075936 0.017920775022352006 0.04421798600142853 0.1282649632064946 0.043155522466540024 0.12070965644311524 0.15834008572189567 0.09927622550974087 0.0364319789867514 0.0038550089778975377 0.12556443542592377 0.16760638834710126
crash:0.08811022818784722 0.08945422098578144 0.22867553495413553 0.042942444419391566 0.24489427908882364 0.009859050116176436 0.0588113698412112 0.042022591198212014 0.06836042507578378 0.04307141520158949 0.058075722550877285 0.025722718380170314
all-terrain:0.07490228276814395 0.07958520337657231 0.013545594199072033 0.13245077146786474 0.0025021460527795457 0.045810127410106406 0.23613113503045619 0.1037245248925042 0.1888881167043052 0.0361703683925978 0.022786123822213695 0.06350360588338394
mud:0.06543819342207609 0.03260107146189859 0.11765211195282167 0.012405073610163386 0.08553471202800744 0.4277955580508739 0.00010522081470263321 0.023812802229629882 0.013510341506762771 0.07714919287880705 0.016636413364950996 0.1273593086793056
low-profile:0.07088428009537112 0.00601275957633979 0.012048072591615189 0.17747099692262935 0.03790409509166275 0.014777796956158735 0.4917685279874728 0.020211675181587632 0.02155376812711012 0.0802932065769223 0.04084009984096285 0.02623472105216724
performance:0.06485694061257966 0.021558787721836496 0.014761377533139728 0.1954166099415944 0.036354923897589236 0.004628222088265498 0.045997873555183325 0.1937741653171694 0.018360296370157507 0.11233196844357128 0.06396755333047334 0.2279912811884401
3 5 3 3 2 1 1 4 4 4 3 2 4 4 1 2 5 2 5 4 1 3 5 1 5 1 5 5 3 3 1 2 1 1 5 5 3 4 1 3 3
0.007532697366396882 0.06846292839687698 0.39608776007130403 0.06388629150462008 0.026646556353136085 0.06837478237169956 0.0720574241223436 0.2969515598136226
