4
0.97 1 1
30 90
dirt-straight-hilly:1,4,10,16,30
dirt-straight-flat:8,15,27
dirt-slalom-hilly:2,11,12,18,19,20,22,24
dirt-slalom-flat:5,25,26
asphalt-straight-hilly:13
asphalt-straight-flat:6,9
asphalt-slalom-hilly:3,7,14,21,28
asphalt-slalom-flat:17,23,29
5
mazda:0.10194512334110238 0.09987096129408866 0.004283533649780158 0.010599569018561683 0.14618800329786227 0.1311150155053987 0.056704090238392006 0.1461507532933343 0.049486933046009256 0.00019961948103980535 0.22359163625303857 0.029864761581392174
toyota:0.05450425430291326 0.03256610182065916 0.17295737045109605 0.041305088165974745 0.035413227889401065 0.2070289945434387 0.1033718493273058 0.03333381564365689 0.014881858194576623 0.007219299510822676 0.2947828025999003 0.00263533755025463
ferarri:0.04282847458953152 0.009236337393385847 0.07644079115873242 0.1023016239407873 0.14082883790544062 0.11459840983195164 0.1007019957881317 0.12392463253226194 0.16617755150930746 0.038608999238297116 0.051620300094863326 0.032732046017309245
humvee:0.06419532184356955 0.0031072023310695913 0.04637847710625897 0.013090488097218916 0.3077366361535223 0.008482866802779546 0.2496191134592844 0.02218700718177789 0.04238589934835071 0.029826241943251463 0.05592017439442817 0.15707057133848878
go-kart:0.11652052705614728 0.1573884210589318 0.11448150056393716 0.01205510368880028 0.033006996861754415 0.030384722471670417 0.20695087451275146 0.08867547299948805 0.004372244559494012 0.060658769748871515 0.0779127811436164 0.09759258533453725
5
stig:0.13088387832816878 0.018712125092161663 0.03576297357411223 0.04113839497029112 0.004015447786436699 0.22494841410549254 0.0022297083182229198 0.1713031634015021 0.024933787215278978 0.05249485208112095 0.15349860067339247 0.1400786544538196
schumacher:0.1798647936928484 0.030259450732334308 0.03130085351518046 0.08933026674046139 0.007157656351775252 0.01778993575862545 0.104136338984536 0.05636175787218618 0.0049562444795921735 0.009660350038321476 0.28419603411965133 0.18498631771448754
anakin:0.04844548244568836 0.01983738299951744 0.008736856107280592 0.006019828203419208 0.05739535922823749 0.18634726983404507 0.2468627816543152 0.060079698682582214 0.20391588258511562 0.004905618148483282 0.030561190697945963 0.12689264941336964
mushroom:0.010530000166507058 0.03495374557098419 0.09425950244401915 0.08708601056077131 0.07840334637407609 0.11148759970066054 0.055963771656428705 0.351301774457993 0.03473046636965634 0.001513949727424207 0.05568504034968122 0.08408479262179826
crash:0.0679808657507606 0.059373244741972434 0.07369367098408758 0.03081764068595717 0.0549040228306205 0.03395698539503746 0.04528949842684849 0.0013200504287409103 0.1809416249547943 0.04789402038526466 0.0494990443542063 0.3543293310617096
all-terrain:0.026425295674532723 0.03275853969772977 0.05236450918942875 0.07105454638126135 0.18996155945562104 0.07982739426550192 0.03672657380001895 0.020402654959297155 0.008328509288092945 0.055246244402614914 0.06247360054339581 0.3644305723425049
mud:0.030685094140784908 0.19770714482936502 0.008544279615575643 0.1619229913965292 0.04771522819100876 0.023314868780624127 0.10367799943523674 0.12673716886323813 0.08935484792420391 0.07098931592042668 0.05040782320002507 0.08894323770298168
low-profile:0.011714861209196688 0.010833410892085059 0.1782695007265744 0.03434649199190414 0.09480490729045807 0.0955874757116263 0.2525690810478122 0.007714872945519319 0.10550091597846072 0.034850345680606694 0.018133908230770115 0.15567422829498614
performance:0.07530680181421144 0.05212175956623522 0.00446066019533426 0.05573423369142453 0.11544039330795965 0.013518261706804115 0.25905536673739604 0.01867593234379468 0.05859688864193327 0.10145167857731671 0.16072826081756997 0.08490976260001999
4 1 1 4 3 2 5 5 2 3 3 2 2 5 1 1 5 1 1 1 3 3 1 3 1 2 3 2 2 1 4 4 5 1 3 3 4 3 1 5 5
0.027896290247718687 0.06806039022369488 0.16537694561547897 0.2852804698371339 0.04773774016185232 0.03214181855597495 0.14478027064709623 0.22872607471105
