4
0.83 1 1
30 90
dirt-straight-hilly:4,11,19,21
dirt-straight-flat:5,14,16,26,30
dirt-slalom-hilly:18,23,24
dirt-slalom-flat:10,13,28
asphalt-straight-hilly:8,12,22
asphalt-straight-flat:6,9,17,20,27,29
asphalt-slalom-hilly:3,25
asphalt-slalom-flat:1,2,7,15
5
mazda:0.05586954098817635 0.1733451363398161 0.12730774633548672 0.29281057167544466 0.06589676123917312 0.033214370623027685 0.03126084900163638 0.03361978068467486 0.047215427659890716 0.023910060856076686 0.10300246764063715 0.012547286955959408
toyota:0.013346707466495394 0.0682553171824464 0.01818173917844036 0.03234718266853391 0.10217886544863967 0.045573718173218224 0.09353985787709154 0.10356845277671996 0.08079656041438721 0.06017999294751303 0.32399036229721273 0.0580412435693016
ferarri:0.06515495369235098 0.10780828697012962 0.20923339203715915 0.015252064121600982 0.08393648096648275 0.10373679755480082 0.027926698968873773 0.02831261158607745 0.07707699571158753 0.13971292676048327 0.10433601451500088 0.03751277711545263
humvee:0.03435009399536866 0.004809779245207947 0.20898845186096307 0.03985353631971462 0.09868793179479653 0.012819749083167022 0.07351189561399825 0.003030478166481428 0.11296910668193676 0.09489986927658689 0.03823993521703848 0.2778391727447403
go-kart:0.19252250952190578 0.2280675946557048 0.016747366439728767 0.06093267554490985 0.040461826668516956 0.0563604832659993 0.0036926798001439814 0.12416100457947504 0.012250035921294642 0.11558682969481292 0.04280152771306825 0.10641546619443991
5
stig:0.057660979638783076 0.032147975907228094 0.038747020454259394 0.03008371467726617 0.0150641027299011 0.16123383008305298 0.0733307013692115 0.2340453525432415 0.08121695740198709 0.054641465175731624 0.09801700947369445 0.12381089054564277
schumacher:0.14286997247453334 0.007186838945754497 0.19895219781847767 0.22472826344675287 0.024247754406244333 0.027416075653882266 0.1443948586968972 0.011368185478406023 0.041183489757978815 0.14082300240152584 0.011413283484412173 0.025416077435134996
anakin:0.003323889280721988 0.010195164238317074 0.08729178267667644 0.16214019369466576 0.12521388810008754 0.07121189039608773 0.019497018206032217 0.1301947552854676 0.25629511836837293 0.035272367207629114 0.08405161329175738 0.015312319254184255
mushroom:0.0032562502173951995 0.031209557929058544 0.3177188630154472 0.15492802006136566 0.03932233740301537 0.10013822874744627 0.05641604693831202 0.02055979170762863 0.11191749308140188 0.028136476187923767 0.09386847032788323 0.04252846438312209
crash:0.0578341900612544 0.22870927460390822 0.01951511057081826 0.009076266569992697 0.06459485501218762 0.04842691368686273 0.01929980048084899 0.16433649258120467 0.03331874861549339 0.05229696711124926 0.29493184631184094 0.007659534394338909
all-terrain:0.08332317088942962 0.05994586742391344 0.1436315393415487 0.17590457456920638 0.09171364894858966 0.05401376699361542 0.020578923110467228 0.008460757503364495 0.04904515028763664 0.13718650206617997 0.006182427855077541 0.17001367101097098
mud:0.06256678571630153 0.05396144094389739 0.02532784568170795 0.061430358767909525 0.08212511882225254 0.05784605096588397 0.02810861586884989 0.18253018664809093 0.21170394148534172 0.0534315959930038 0.09726474017219179 0.08370331893456892
low-profile:0.0684041889030772 0.12715504616077056 0.062481733731416376 0.016252810512369317 0.009876022713303411 0.19135600728471217 0.02348304031400444 0.06791518692556026 0.22620254017610933 0.061513091278110124 0.03525554108273843 0.11010479091782864
performance:0.004217143210059399 0.14824427709960528 0.04412661446352795 0.022646957780546335 0.07917411883412966 0.07460769315208003 0.046547985852723794 0.1099016143698621 0.10327076432937657 0.07734042742419145 0.07875715949652465 0.21116524398737277
4 4 3 2 1 3 5 2 3 2 4 1 3 3 4 3 3 3 3 1 1 1 4 1 4 3 3 4 1 2 4 3 4 2 4 4 1 2 3 2 3
0.08243454594058605 0.009412995995180556 0.12049164747779603 0.26669291938558626 0.055794885444588216 0.017269329735253212 0.22461659041556686 0.22328708560544272
