4
0.74 2 2
30 90
dirt-straight-hilly:2,8,12
dirt-straight-flat:1,3,7
dirt-slalom-hilly:15
dirt-slalom-flat:10,25,26,27,30
asphalt-straight-hilly:5,16,18,29
asphalt-straight-flat:6,13,22,24
asphalt-slalom-hilly:4,9,19
asphalt-slalom-flat:11,14,17,20,21,23,28
5
mazda:0.06803803275517341 0.11398180031988107 0.006926776012788996 0.054172874453343865 0.1431504019710192 0.0720991020089139 0.08607262016623489 0.030014067582184077 0.1599781420899404 0.16736517152992358 0.03394395908751736 0.06425705202307921
toyota:0.07351938895246272 0.17273779783270343 0.02320559378629692 0.05491834296651921 0.027310363997114444 0.03377180876453494 0.0501015336434374 0.21244700333209393 0.12756953600050816 0.09278637438506383 0.00269368188394721 0.12893857445531764
ferarri:0.20996189487602096 0.02278741211865202 0.05006894451428361 0.04581616149700077 0.1314398870140653 0.16772552971895224 0.011957986234944193 0.01661834890935025 0.13570749452087452 0.037096539407305174 0.06502881907789676 0.10579098211065441
humvee:0.1650998808143583 0.12483031679896532 0.03241240008833294 0.04924049725822373 0.007380284747246323 0.1046402721618069 0.014671794196109506 0.043111517134790375 0.1313434537262227 0.05492151683162497 0.1454297173733321 0.12691834886898662
go-kart:0.07044098616411677 0.02794248662207365 0.05522053866073103 0.0390243545984124 0.016225554435169976 0.07380079725023914 0.21382509214473872 0.02613923289807357 0.028004760450073298 0.342157101978004 0.021652625358201092 0.0855664694401663
5
stig:0.22948417784076214 0.10919294157225085 0.00901952980341794 0.07551417815845536 0.008273758365849423 0.005533460424054084 0.1954654616007017 0.025840325170279704 0.0790049378590259 0.17735442819822891 0.07421308391508255 0.011103717091891332
schumacher:0.0022717164434856085 0.059379702360825445 0.0070535421339938545 0.1003856937279634 0.08651206084562209 0.17451551954022165 0.04211056084812753 0.18854515997959523 0.0731390440899017 0.0026825728487864108 0.026355801397285248 0.23704862578419172
anakin:0.027775927996626648 0.014991325954650593 0.03210133677922953 0.08266087050085666 0.007967399329053469 0.079868431496518 0.06946707808481908 0.22929311886977774 0.13426972671980547 0.07274551728877615 0.23439378438216368 0.014465482597723005
mushroom:0.09604101210545964 0.009033216410185122 0.16342327965675435 0.0384886982796284 0.04313373468698787 0.00996003271457565 0.0010758156896771543 0.14594601950167338 0.11580868442847969 0.07279461158153754 0.2739402886793471 0.030354606265694185
crash:0.017947742387702692 0.03392815937511005 0.014254940010544741 0.08932104855190057 0.1359523848274357 0.4177005588045276 0.03511643201365256 0.03225007493330857 0.03552485894473363 0.11350724885682932 0.04526766765465289 0.029228883639601584
all-terrain:0.0032576924819358506 0.003732469629878739 0.15365001764211575 0.3345747657103349 0.12608803566447774 0.11738726692060734 0.07659329852584555 0.02926374237801337 0.0084756195544463 0.017165478387240713 0.00915589332398624 0.12065571978111746
mud:0.034597378310535006 0.0034342606913760217 0.1279623143101248 0.08732535131882137 0.10435598889741798 0.19751175920250885 0.06861450806709501 0.006631176692245474 0.05504856584694438 0.1215100403604632 0.1427247179945144 0.05028393830795375
low-profile:0.11792591187514165 0.1904439767319098 0.03753199943542489 0.09919499616657834 0.17925193083641514 0.04866228863220172 0.08552216226126227 0.055222845105122334 0.016835303970772857 0.06909787214974149 0.09752324320837057 0.002787469627058891
performance:0.0763492747023223 0.34020459157990357 0.032996036777963283 0.004718410599638455 0.008882145141909856 0.1047629340771493 0.03651283114878395 0.0800997270727761 0.1841737465470741 0.008887999828739177 0.05609292924647223 0.06631937327726783
4 1 5 1 2 5 3 1 4 2 1 5 5 1 5 3 5 2 1 5 5 5 3 5 4 5 5 4 4 1 2 4 3 3 5 1 5 2 1 4 3
0.03657815898815039 0.05399672084865432 0.1119074230543489 0.21777746643516788 0.19001961099874767 0.008237556242540921 0.23223526799740837 0.1492477954349816
