4
0.91 2 1
30 90
dirt-straight-hilly:2,4,13,24
dirt-straight-flat:1,3,16,23,25
dirt-slalom-hilly:28,30
dirt-slalom-flat:5,6,7,18,26
asphalt-straight-hilly:8,12,20
asphalt-straight-flat:10,14,22,29
asphalt-slalom-hilly:9,11,15,17,27
asphalt-slalom-flat:19,21
5
mazda:0.1843995836780914 0.021617592688381707 0.0969096929213227 0.17189458996523374 0.0049850999325865755 0.03854832462353023 0.14625660611347524 0.044823283666958376 0.04031340574247516 0.0033217748040342654 0.04370950127340697 0.20322054459050384
toyota:0.1651858173419355 0.031711968702597224 0.09217841825600981 0.002816941704173556 0.01627761556217983 0.005799636001093004 0.040870620237903846 0.024628008637509417 0.27774905021133267 0.004293274471344333 0.31579992494004544 0.022688723933875315
ferarri:0.0627159847490321 0.01842520760334026 0.028126702705962018 0.13647393249511733 0.0625553010311747 0.12801935127404054 0.09269283125942575 0.06352185139366524 0.13349088815790772 0.052337678130942145 0.04545535165162286 0.17618491954776927
humvee:0.017459463645656443 0.07743705871581058 0.10157973339401744 0.19750139541369233 0.04212480985568117 0.1568813406312196 0.06750468203571443 0.21610303611918394 0.027770381977240115 0.030587240539869016 0.0024348980197227213 0.06261595965219222
go-kart:0.0032267933345140123 0.023641287606375523 0.019563806797867005 0.16503607872191112 0.2573403668744401 0.00449453968281807 0.03770166250558669 0.30901900039914004 0.004433800373383543 0.0451677719849993 0.08609875381601949 0.04427613790294507
5
stig:0.0799600560340888 0.115831966316635 0.21834118547238635 0.03639184291917104 0.10764325429400269 0.1107751064136325 0.003797077190546675 0.11015918642638431 0.00042533681676865614 0.048409611709972274 0.1202284781427014 0.04803689826371021
schumacher:0.024561852336957256 0.03214941587974901 0.1559052260313319 0.021770630540474782 0.0009991476545014402 0.06279239311685986 0.13633698789544474 0.1722204518970902 0.02706343679529243 0.027145077499308067 0.14285945062460814 0.19619592972838237
anakin:0.10361860811744665 0.1743764323088607 0.025734328356636905 0.07957755114898703 0.019418059498387458 0.17801687431786467 0.037174444302925616 0.08356586541149817 0.02856697584206717 0.010161659196366557 0.01947446781353777 0.24031473368542133
mushroom:0.0023347687486630258 0.06236879836766453 0.004322116956417215 0.005541157466436906 0.03543879716852987 0.08040054142154482 0.0721514913604101 0.26294835875631534 0.12121319607139355 0.06465617767823902 0.009766085697586746 0.2788585103067989
crash:0.034607094533744095 0.024894921023924925 0.22073662948737188 0.11478954469337299 0.06270084881323047 0.09933518163467353 0.03820876192536042 0.14908588714676912 0.11163119834306724 0.03153877201023582 0.01180750870972991 0.10066365167851943
all-terrain:0.007718076517511029 0.024085075600576582 0.24975874432516884 0.046219932611149074 0.03365680139232296 0.13938466278972889 0.003108223492858698 0.020619325824175375 0.09370035007185161 0.1245202678634373 0.09685285306777038 0.16037568644344927
mud:0.14336608238842197 0.004017672551208878 0.039933310539546206 0.07319117628399789 0.0050304173778223105 0.1149147768057217 0.052152748348053564 0.22070514796995974 0.18703199115952177 0.005412976956852314 0.03609933210167467 0.11814436751721881
low-profile:0.016136170140350698 0.004104880529040798 0.11241368856563497 0.07194249985281732 0.09449834107029255 0.0021138149247171547 0.10340857704407957 0.2724711296614355 0.005788787448238097 0.1415550593991717 0.04180021934064491 0.1337668320235769
performance:0.1413307399599484 0.009563490237283744 0.02040456625380963 0.068987179466198 0.16522049543065684 0.12095143600901982 0.021087063625213134 0.094111089412601 0.16245317462822495 0.12257856374475494 0.0259030272968007 0.04740917393548875
1 2 5 4 5 2 3 2 3 1 4 4 3 5 1 1 1 5 2 3 4 2 4 1 1 3 2 5 3 1 4 2 2 3 3 4 4 1 3 4 4
0.04011285845034862 0.06172270102971744 0.0627631918854065 0.07125497218999186 0.35283404465275064 0.20130490703639348 0.1828573517058297 0.027149973049561873
