4
0.78 1 1
30 90
dirt-straight-hilly:2,4,7,13
dirt-straight-flat:12,14,23
dirt-slalom-hilly:1,20,29
dirt-slalom-flat:3,6,10,16,24,26
asphalt-straight-hilly:5,17,27,28
asphalt-straight-flat:8,21,22
asphalt-slalom-hilly:15,19
asphalt-slalom-flat:9,11,18,25,30
5
mazda:0.004260952562135074 0.1600726934180659 0.02423114837190529 0.012834882110468767 0.007168777003090931 0.04075202754471938 0.12805574387024965 0.019270178633503457 0.2606299781988698 0.10099651406257965 0.15661957045098132 0.08510753377343086
toyota:0.24000280719949657 0.12401339013907896 0.05040470979629381 0.022405133255282338 0.00020410059315446432 0.05789431664695099 0.012622266077631084 0.01254764731650238 0.02672711468271511 0.043776749351904405 0.021650165152363395 0.3877515997886264
ferarri:0.06114219291149284 0.032011141102329194 0.04689073839767874 0.04082610957207697 0.0030970040124202887 0.31275640042805725 0.012611118398685768 0.22346220923023216 0.06502546726618577 0.02079151787020355 0.1707434322414227 0.010642668569214878
humvee:0.02714918365141362 0.011321976211457075 0.10312456754708024 0.06585769148011479 0.009588610946455436 0.21079174694142555 0.20182228500996607 0.09012937748800388 0.08384948628585213 0.01102477881651927 0.08521345652427748 0.10012683909743432
go-kart:0.007017869370544786 0.15984072690487247 0.041147196521550605 0.07786422156122963 0.0491167779558787 0.10305892782487514 0.01600472918842368 0.01945933598288399 0.15321331513737582 0.09301273210796086 0.21836256828544148 0.061901599158962935
5
stig:0.19714799900189986 0.03792384147750668 0.0190783620107429 0.1779220708927562 0.10464918675270818 0.16768200521328205 0.005018417533194256 0.002289525474277048 0.15511976811763006 0.038989896407174734 0.051560440461293114 0.04261848665753505
schumacher:0.1665920033411159 0.04658110466470231 0.03325913969112319 0.07609928595688503 0.125294562090921 0.06525690532333714 0.02564128236390446 0.049409975551363366 0.2192582797563817 0.012376092149650996 0.005497654821569641 0.17473371428904538
anakin:0.10559640553563243 0.05577318859445361 0.00807232685716304 0.3282014026825912 0.03455370052208927 0.05963019077908738 0.002049498626792956 0.121109866436499 0.03843793135216175 0.02412566312162544 0.21214139781282731 0.010308427679076762
mushroom:0.06581714709753124 0.14894265421977634 0.04815084684408597 0.013662146807375868 0.07869215167326406 0.04067265230566467 0.028266206986635248 0.07918049581513105 0.07241052010369174 0.22601547638514696 0.169466270212929 0.028723431548767876
crash:0.006081932928663773 0.05554886195946734 0.0027981443172596238 0.06312816488280631 0.12216391283188922 0.3193185238207774 0.11698165753083054 0.04204105997706438 0.05483112900626975 0.10817795306035155 0.038606544663780336 0.07032211502083961
all-terrain:0.027980763211460768 0.1550541103230575 0.0960314643036348 0.21324574048838202 0.006875719414363042 0.04310187157861252 0.05065636399280924 0.24762048231843975 0.02927687505850103 0.019877794343776897 0.08455866299481536 0.025720151972147078
mud:0.05505798577438972 0.11214855932294132 0.16912952611650706 0.02371082853365849 0.10848730125825963 0.11896076514886039 0.04610493689593065 0.012156600518900256 0.05244441976542903 0.20389018291993266 0.03803579623986832 0.059873097505322465
low-profile:0.0563683695622449 0.03545109594132622 0.07966221442243178 0.0021541428081223693 0.1591710652024863 0.0022280487693760527 0.06566427371898245 0.038879319254676796 0.35521192783591027 0.09263428758497141 0.06112627200482207 0.05144898289464939
performance:0.12407132253197115 0.1702034082122271 0.09380409297795904 0.16000353137129564 0.025933256277957787 0.0010292973425830626 0.04499625436797334 0.0019633026164497256 0.15596432769768226 0.21165603794590554 0.0006102524265785322 0.00976491623141708
5 2 2 4 1 2 2 5 2 4 3 3 4 4 5 3 5 3 2 3 1 4 2 2 2 4 1 2 5 4 1 3 5 4 1 1 4 2 4 2 1
0.00020653293820403293 0.016039110543566642 0.0765306450796429 0.038951516789451905 0.1009052841584036 0.4018990446108969 0.17888470677442397 0.18658315910541018
