4
0.94 2 1
30 90
dirt-straight-hilly:3,17,18
dirt-straight-flat:4,16,19,24,26,27
dirt-slalom-hilly:6,15
dirt-slalom-flat:7,11,12,14,30
asphalt-straight-hilly:5,9,10,20,21
asphalt-straight-flat:2,13,22
asphalt-slalom-hilly:1,25
asphalt-slalom-flat:8,23,28,29
5
mazda:0.0850107784296274 0.0696280064851009 0.02476362426955944 0.32476490438293054 0.13995201487758063 0.11667165574397384 0.02260273722915347 0.0037882675882437177 0.020300540259849384 0.03595253196584661 0.028699030473175152 0.12786590829495872
toyota:0.011641416582602376 0.07697971951904344 0.3120345273444402 0.0570398527573188 0.04282902918737542 0.027316645611393534 0.115715993097742 0.01630683828591836 0.16792542389898327 0.020644276606979484 0.13119851833450857 0.020367758773694674
ferarri:0.00231604620988087 0.010468664598056048 0.0851935146949603 0.18414764081906054 0.13145432442830596 0.03344476238207851 0.19010459788906853 0.010881958480132488 0.0008350543572574415 0.2894310997510166 0.008613115408068894 0.053109220982114014
humvee:0.2359026935134074 0.1305866064760022 0.07101393644519413 0.07594282570707331 0.03085996486922258 0.16052587423509324 0.045716961982826376 0.032020871936412766 0.07301079927184022 0.05025966050681824 0.0629905430275134 0.031169262028596267
go-kart:0.00033701720329538444 0.01714346768146359 0.020482056140463858 0.01466476233749836 0.00792105164075093 0.24100834708940902 0.11225129726291679 0.14272089976941502 0.24641984675827655 0.005603937737800623 0.07314497094969537 0.11830234542901444
5
stig:0.08516187688514591 0.028781861125176195 0.017256505969277282 0.1185537111803809 0.03291280704745011 0.006614198599188905 0.04858564674028846 0.10285833529708467 0.016699322130053606 0.2382818743913448 0.13599831803394014 0.16829554260066903
schumacher:0.0382875217349313 0.01594775387924623 0.05843676029844138 0.03274255349701395 0.009405335403468423 0.07616429706993735 0.2563139251195545 0.06158518203212498 0.14853899185549457 0.03855797850406537 0.15055586418083852 0.1134638364248834
anakin:0.21180216360365206 0.05258109295065254 0.10569435063985703 0.11696765081580646 0.01322456945686155 0.0709780932399703 0.006408417574141543 0.13578684222847615 0.03342165830351225 0.0960246897628567 0.06421307293439361 0.0928973984898197
mushroom:0.09396740127596595 0.056539408197433326 0.18280644917166397 0.054570919232417844 0.12910583993819244 0.12226219544252741 0.013161802255297 0.13403598272587078 0.05028692452139142 0.09120337077652618 0.0091253203463547 0.06293438611635896
crash:0.06661882050994496 0.0024997829131827 0.28563870558357574 0.03492807633659171 0.01659625688916187 0.024056525161877437 0.012507560595610995 0.16791136702177242 0.06234511766493274 0.06771505772624369 0.18506646166660926 0.07411626793049655
all-terrain:0.11782994246977188 0.26397686555139055 0.006681448391609486 0.10407576012833268 0.18709346410219757 0.015832767589218446 0.1166284134133688 0.02728804186905824 0.0180167882122511 0.0078074526616330455 0.12346636330508941 0.01130269230607853
mud:0.02626917248283852 0.08795026370804074 0.020152499933521053 0.0062284636727087265 0.06321825870422117 0.052515897435493335 0.10599328111737474 0.14927433378582178 0.03495364934568426 0.27290708330839514 0.045382404175374334 0.13515469233052602
low-profile:0.030491239644134433 0.05880468573292883 0.009807760920229164 0.10506151896965851 0.3064520638049992 0.03198244645999264 0.11160288541104495 0.03133689979515744 0.05213079709412429 0.11206750594908581 0.08691986481965182 0.06334233139899294
performance:0.07452467881820812 0.14825359011802247 0.2862600967856043 0.027779170063813613 0.020483713830696512 0.034322377631936365 0.01146400523492668 0.053106537373529994 0.11663786062035433 0.1828983096541508 0.04398841662787606 0.000281243240881026
4 3 2 5 5 5 1 3 4 5 2 4 5 1 1 1 3 3 1 1 1 5 5 2 2 2 4 3 3 4 3 5 1 2 3 4 4 1 4 2 5
0.09183630570093106 0.15727616172417136 0.11024169428071084 0.1265010321065289 0.14060518995698662 0.08596926608747422 0.1779710489721215 0.10959930117107554
