4
0.64 1 1
30 90
dirt-straight-hilly:1,6,9,13,15,20,26
dirt-straight-flat:8,12,21,24,27
dirt-slalom-hilly:7,19,22
dirt-slalom-flat:2,5
asphalt-straight-hilly:4,23,29
asphalt-straight-flat:3,17,28
asphalt-slalom-hilly:11,18,30
asphalt-slalom-flat:10,14,16,25
5
mazda:0.0771152239469394 0.10921005668553316 0.04360382162108997 0.023015802399219205 0.12333855267035358 0.013188178322675508 0.14411193218098162 0.13843358309755724 0.016526138397589568 0.1130855572264201 0.12723417988769353 0.07113697356394726
toyota:0.16878673146466175 0.07489400572830857 0.12607798116290758 0.018972225238565 0.07191156981291712 0.0020202608190966766 0.027633865500885584 0.022684276953396136 0.044960847141840836 0.026648092118855132 0.09397156844605332 0.3214385756125124
ferarri:0.025721921415067787 0.0926390308883469 0.14356387118971145 0.059996309397931276 0.03975683585582959 0.07584070524492006 0.048424714983039026 0.07454149627069447 0.22651371662781347 0.022909062368978335 0.09513672261539034 0.09495561314227753
humvee:0.20521713725089383 0.03650869437089936 0.09476560480754084 0.05702884536504473 0.12942983528625993 0.08759563918469636 0.12900023996229495 0.015637118774239775 0.0008492022271461277 0.05139664588393533 0.18439535528052703 0.008175681606521872
go-kart:0.055219801211314465 0.05174131611454023 0.14663952937398225 0.08841977618250692 0.023920376039233714 0.056936420209001054 0.1472620975686995 0.03652944214553314 0.004218991279014489 0.035549084478500345 0.15488946090855935 0.1986737044891145
5
stig:0.03236916330006415 0.02973810674999441 0.005195942138381623 0.2047954069588264 0.3017512385607366 0.05479721723623846 0.06685920122969669 0.05951117195815893 0.06365461036424302 0.1581339531662145 0.013706572491291865 0.009487415846153402
schumacher:0.008197665410988743 0.0033022803468930207 0.06944849901181462 0.24059841813672941 0.14593622947632112 0.038421414425551616 0.07551244064751159 0.005124132724168384 0.040693699986366585 0.12528763248192457 0.04280580894021252 0.20467177841151774
anakin:0.006391653221189671 0.16601015145393172 0.09483066152079736 0.088958164664095 0.06941870469670057 0.21276906957241823 0.03130754816407498 0.08733399202663673 0.06419279515197761 0.09407772959951145 0.01858299776747659 0.06612653216119009
mushroom:0.27377348492814507 0.2706310667887131 0.013860455057938691 0.06543705098609012 0.012107593887801095 0.08577554586538261 0.024383942340255465 0.12199502436529763 0.0008699901054100617 0.07027162787435194 0.05422109199147608 0.006673125809137873
crash:0.18119306623973758 0.05069428048620658 0.17319213537976214 0.15313510671202027 0.10356130935618589 0.07633031901822478 0.0004664316275201333 0.019220922728139186 0.0456347367357523 0.1395541078302152 0.048176979919553664 0.008840603966682343
all-terrain:0.046086768324379426 0.02226836303148269 0.3432544277651775 0.01341646738288626 0.12402833544206823 0.0756290453153655 0.015815644966322373 0.07925545403569409 0.035831977356617015 0.03970617329506558 0.20271779531785786 0.001989547767083418
mud:0.08849924678278372 0.14445677527529702 0.03435277587200277 0.08934801450207397 0.010125342857501858 0.18439069255407456 0.03279079728453702 0.05279200409949492 0.0031138237317205734 0.23859727076264522 0.049068663203153846 0.07246459307471458
low-profile:0.007410872165739362 0.41583524116300974 0.0851579365494942 0.08582176335655499 0.05765033057003159 0.07828206560319347 0.10705024881547076 0.029876971085796608 0.025831830930009847 0.021482999070987895 0.010967928877695578 0.07463181181201634
performance:0.20963707378741872 0.1411451273345798 0.029306187640184545 0.13632847671852824 0.02601239694346787 0.11796152425997508 0.10126715962587637 0.014430630979277406 0.05459925980166742 0.04591498899732477 0.021791295144710905 0.10160587876698896
2 1 5 2 5 2 2 1 4 4 1 3 4 1 2 4 1 3 2 4 3 2 3 2 2 1 2 3 3 3 3 1 2 3 2 1 2 5 4 1 3
0.06531148096194668 0.3964544167894823 0.18785610568986513 0.05481100413665766 0.04919683735442709 0.07014383221087289 0.06341619415868581 0.11281012869806233
