4
0.93 1 1
30 90
dirt-straight-hilly:12,14,20,28
dirt-straight-flat:10,15,23
dirt-slalom-hilly:2
dirt-slalom-flat:6,8
asphalt-straight-hilly:1,3,17,21
asphalt-straight-flat:4
asphalt-slalom-hilly:13,22,27
asphalt-slalom-flat:5,7,9,11,16,18,19,24,25,26,29,30
5
mazda:0.00022016871088864786 0.029659613080573948 0.06822955464497979 0.04642502268042129 0.024719315754070274 0.2229443135381246 0.15905460795323523 0.02394628185891372 0.08535837397761456 0.148113633102363 0.040912231156376246 0.15041688354243882
toyota:0.0923354877425993 0.042427472395615985 0.13938833231196324 0.04347359631662013 0.04378247410782899 0.032083855353013876 0.10396113334384846 0.1607685280196282 0.18911291480029338 0.12303775426620478 0.020828682200169733 0.008799769142213932
ferarri:0.023613185970953215 0.30917750458001897 0.02092082303163383 0.0519358746118367 0.041092853057433605 0.04983399791132427 0.0575562675712436 0.02344753718291915 0.03670511029977733 0.1759487057042412 0.20382140383602798 0.00594673624258999
humvee:0.058494371438783506 0.0984369824312393 0.25335068929823307 0.007265972269131372 0.026075914933226425 0.06330173599278718 0.09634041199880436 0.013185669264908781 0.011345309984403328 0.03623674169498306 0.3133781989485598 0.0225880017449398
go-kart:0.023377171822092705 0.024994070345790945 0.1637269166854278 0.2305443575247943 0.0677381459501168 0.08526717369911703 0.05074382855179046 0.09514604678478428 0.17163386761324675 0.035542151208756805 0.01685803014846359 0.034428239665618685
5
stig:0.008156233105038307 0.08421754609329866 0.19874494246052618 0.31347825649336225 0.0009416816132414663 0.023931533325820754 0.05446073059177852 0.03703739808673882 0.023026870142158897 0.15118508110003456 0.04278384019060986 0.06203588679739152
schumacher:0.019053902555394745 0.30284759021916524 0.011022962398472166 0.13349458048167212 0.17163879434075335 0.026476497647811542 0.045340227622050894 0.013437794644091918 0.0907176333145331 0.01051812717372071 0.005860871059962792 0.16959101854237132
anakin:0.0894799085304674 0.03521973970933356 0.10776740575356299 0.029559884261269605 0.1908431342195163 0.0829237076439659 0.03149369722347661 0.07491694131191237 0.05581820178309557 0.1886708869069843 0.028228564815871156 0.08507792784054416
mushroom:0.009230702604167201 0.029697075862191745 0.052155153650357125 0.01612385101269447 0.024488278886809763 0.0788000412470113 0.03297796710109639 0.01198646297525927 0.3369840229729163 0.11661338225753362 0.11030685427854092 0.18063620715142184
crash:0.010169390304582446 0.037932363764959856 0.05922603474507312 0.09848530954846774 0.09735113171334824 0.17044893628630658 0.0193790330655903 0.28445773096338933 0.040215833849919586 0.1590471564640167 0.003066982393430672 0.020220096900915432
all-terrain:0.00711394640208517 0.025386706089528706 0.18127930928447464 0.06431678313140188 0.0752097244331565 0.20792542848926623 0.04587559542809845 0.14925526680401963 0.155068448797399 0.001994003673139996 0.08173116708471068 0.00484362038271905
mud:0.38787513357966724 0.007853998210467878 0.026635868989769804 0.09527219032195229 0.10710640683545984 0.06400884354254484 0.012086986110791504 0.060459252335409656 0.03295744796372031 0.04874606367217991 0.007547087598646447 0.14945072083939037
low-profile:0.07184573049292135 0.0035644887306706145 0.05517383996734456 0.2302879685627259 0.013954736226709705 0.045806791360938307 0.048902631792215163 0.14606667574318463 0.28763692273495123 0.010163299851848398 0.0665068180063209 0.02009009653016915
performance:0.00014073117239641713 0.01831146273416224 0.21292580817535112 9.589506593660443e-05 0.007147506067150347 0.122860720417564 0.019547044621753665 0.1616459548691023 0.279449279890028 0.02326006420050537 0.009145249695336933 0.14547028309071316
1 5 2 2 2 2 2 2 5 1 2 4 4 4 3 3 3 4 4 3 2 2 5 3 1 3 5 5 3 2 5 5 2 1 5 4 4 3 4 3 4
0.06458432676633298 0.14646848281628205 0.18836535461665502 0.06119742274314425 0.3689460661860021 0.10557287055418803 0.039787341740712696 0.025078134576682835
