4
0.74 2 2
30 90
dirt-straight-hilly:1,4,16,18,19,23,29
dirt-straight-flat:2,8,10
dirt-slalom-hilly:22,30
dirt-slalom-flat:17
asphalt-straight-hilly:3,5,11,15,26,27,28
asphalt-straight-flat:12,21,24
asphalt-slalom-hilly:6,14,20,25
asphalt-slalom-flat:7,9,13
5
mazda:0.03366629567915188 0.0026410862789974917 0.08694616803109799 0.047308000574613186 0.008741566658095574 0.02469679752885409 0.0010128669970041106 0.06163210031505106 0.02808308569522312 0.267152209215453 0.18044305710104863 0.2576767659254099
toyota:0.0540187102777896 0.1424329441320567 0.2774926915900099 0.020161100208912073 0.1594787592914101 0.059546589120823015 0.039004830039497 0.016623520648153724 0.07117740288310814 0.04742126783185715 0.005256182299500956 0.10738600167688173
ferarri:0.00023159556826281478 0.0012540194464840109 0.055319595627752155 0.2510057166475792 0.13104627317665357 0.06600970539645933 0.2316323084266983 0.03513170729057258 0.09338129562599226 0.03127007961684528 0.014951283539672776 0.0887664196370276
humvee:0.020070132473387785 0.1794086388901956 0.10271325889874634 0.045901940246267155 0.23690049427187143 0.06208721491812134 0.10796631054347994 0.10250064891580433 0.0033377110517981957 0.09917516294936991 0.009931406936340816 0.030007079904617186
go-kart:0.11845715971682325 0.043992706425172626 0.12956616483102892 0.07984451760221753 0.05909052522810211 0.09121560015689989 0.018979381591199367 0.047207260935142985 0.0659741702619697 0.23009748083221285 0.11086795771225655 0.004707074706974323
5
stig:0.23473255945593358 0.03870315373087254 0.1239727586193147 0.03169106259163092 0.1525490681518757 0.10992376187911619 0.04459284156932178 0.008513632976712253 0.00979628171772101 0.028616636312776042 0.13383556507080654 0.0830726779239187
schumacher:0.040521958792527075 0.07970773110770098 0.02183159903685229 0.005983181520329443 0.018152621705330357 0.029585665950535835 0.07706168975730636 0.1667772310704039 0.04685746103421724 0.011868615092835696 0.3614286004608898 0.140223644471071
anakin:0.15029439189000698 0.007495152533484146 0.07575258745128718 0.039956080844826825 0.01898084097912331 0.03752140621802616 0.17672595407122926 0.09965025592786116 0.0651317658801903 0.1537647795124226 0.05060514850971958 0.12412163618182251
mushroom:0.08441918086238794 0.12086118963823124 0.1793231408516531 0.04169079212189099 0.05819687260992801 0.028012572917216094 0.09935113315448343 0.029827620987941453 0.06733009614621871 0.18701823857454924 0.09076548771214583 0.013203674423353818
crash:0.013996725256984352 0.04542742913188208 0.09601292825892406 0.18958499927819175 0.10126657970547202 0.09223960417894111 0.15279354572116916 0.029565102358081484 0.11675856609229336 0.0730499878167554 0.01451355913890779 0.07479097306239756
all-terrain:0.052950365719073196 0.07073342628484137 0.01931650976581783 0.023078223342962383 0.2454235943562194 0.06159825425785371 0.16019642186160754 0.030988199319142765 0.015127838888752451 0.026688864361171495 0.24795434307906206 0.045943958763495905
mud:0.025074292518851862 0.03740247419858441 0.09684758787545315 0.10395512377516031 0.03711179165563843 0.005861022903856064 0.25408964666397826 0.06938887470129385 0.010392838797761744 0.16579635261650252 0.06055705325108489 0.13352294104183457
low-profile:0.17040611995899516 0.021898703714646913 0.15912793332812775 0.05388780029431321 0.17261827968131774 0.030594645344476014 0.04497885600179625 0.09433979702577167 0.046595159388827315 0.12450160120721862 0.07949139122565373 0.0015597128288556575
performance:0.11760972684076694 0.08927291047221944 0.02731795104473694 0.03782090551122325 0.06660450483106936 0.2715515142747088 0.006409732778106993 0.0004745776935802322 0.057637178426943186 0.026664232060740537 0.11493330725208785 0.18370345881381647
5 5 4 5 2 3 2 5 5 2 4 2 4 5 2 1 2 4 4 3 4 1 4 3 3 3 4 1 4 3 2 4 4 2 4 3 2 5 5 5 5
0.16833178469657892 0.33413288823896686 0.050729626878161044 0.057311183317776675 0.3020703367618321 0.034110955614671694 0.012536914867668447 0.040776309624344205
