4
0.797 8 4
18 54
asphalt-straight-flat:2-4,13,15,
dirt-straight-hilly:12,18,
asphalt-straight-hilly:9,
dirt-straight-hilly:7,
asphalt-straight:10,14,
asphalt-slalom-flat:8,16-17,
asphalt-slalom-flat:1,6,
dirt-straight-hilly:5,11,
5
SJgIe:0.05751120771965147 0.13950878718871956 0.03960751618940307 0.13024632243213718 0.13400872179235693 0.05591778952474191 0.08268438105538461 0.004737442201040726 0.03362120198846024 0.20378591111492392 0.03427770641623105 0.08409301237694915
QdhPP:0.09673682264495052 0.06519183243591677 0.07404857939423787 0.06952235886982251 0.009110232617969408 0.016537183878924593 0.09090578645644107 0.0036520265580531463 0.08140816958418758 0.21484331007087765 0.25849735972354143 0.019546337765077394
nQXp:0.25537445715397206 0.020972475966388945 0.09188857628632563 0.046113275921772987 0.0095009723372941 0.026478914051455346 0.05034283001077847 0.040756851807596646 0.05377297145898449 0.0987577000790756 0.11024111334876303 0.1957998615775927
xbQek:0.018234398123873192 0.013588091573882287 0.006139848798492429 0.026601902457035902 0.038989789725353025 0.028280377778915303 0.2525409237571683 0.09438153738661194 0.10720777869475853 0.0014446767105689127 0.2126234683509492 0.1999672066423911
Qt:0.06688693261306818 0.016411439920001734 0.23405021276611915 0.03430826542427614 0.10040832417319773 0.06700494138635874 0.04103135608256036 0.24050892269609545 0.07003941164302645 0.026254888524085945 0.10131410394029887 0.0017812008309113754
5
FXlvn:0.14492330189555633 0.10876462812990138 0.1055783303334364 0.08795520279420267 0.05768983821866879 0.058337242014773166 0.003442724778863388 0.18495749991130775 0.004943991368982704 0.05129398903085335 0.09617041596903356 0.09594283555442058
nY:0.17957820810923963 0.02159750361126173 0.049573020242456446 0.11309185030773486 0.027465952209702615 0.020217261626431355 0.036869396977782874 0.043548757954112456 0.11702234055308276 0.14946948147231248 0.1986397986094819 0.04292642832640076
eHJ:0.046368021208370865 0.011782010906435544 0.08052043768574343 0.08985044814328338 0.021631440530317705 0.04599782517121734 0.04250012602994531 0.08912003627496314 0.38716146313236316 0.007872753093851121 0.17387258391110813 0.0033228539124008504
RYOyh:0.03087958256013579 0.03869050293854871 0.001999484747459088 0.0045757954373869675 0.20940088095097614 0.09239672923216188 0.023520246055899165 0.021134047505628268 0.02930350169778664 0.041614554260405515 0.39481453221607976 0.11167014239753209
R:0.010860012780384662 0.10133918027894817 0.16597027158342473 0.042409619879585185 0.22676705928105167 0.09830141342520407 0.0018980268334808149 0.1058611894137142 0.02553085741672292 0.2097464986783979 0.0036060452645156537 0.007709825164569929
all-terrain:0.05213897792839074 0.08610214647236616 0.03736843605758867 0.16247037956837712 0.03862360533138764 0.12174635535965539 0.12283804790037765 0.029748822847105102 0.1273077846594758 0.0423472411788138 0.17012160649963814 0.009186596196823653
mud:0.010553837027245902 0.15246324861132482 0.24964985601619627 0.09156219109967562 0.008339814499982704 0.00461340149633307 0.09603436698556325 0.01812773004169058 0.053264247153477794 0.02160473973048248 0.13751033650074657 0.15627623083728082
low-profile:0.015113383851107593 0.11782042833144521 0.12098463301181621 0.04792480479500664 0.06938551167871439 0.045703336456518126 0.09903755771551427 0.16952938314821075 0.21655634321459136 0.06363877474514701 0.02042015976979653 0.013885683282131854
performance:0.023445870212306975 0.0045129377391374265 0.17056841583507842 0.1497819213646685 0.138831158445548 0.0693629182187479 0.016522002297741898 0.1501492272270277 0.016417442771344836 0.009702642686649825 0.1592913966435517 0.0914140665581968
7 5 10 9 3 9 3 8 6 7 5 2 8 2 6 7 7 8 2 6 4 6 7 2 7 3 2 7 1 5 5 9 1 10 9 7 9 5 4 2 
0.234739056566847 0.1451384120514977 0.07294410515334288 0.0824110493820925 0.07605440476657231 0.03639033309587396 0.10689816141227702 0.2454244775714965
