4
0.765 6 4
20 60
asphalt:18,
asphalt-straight-hilly:4,12,15,
asphalt-straight:1,3,5,8,17,
asphalt-straight-hilly:6,20,
dirt-straight-flat:10,
dirt-straight-hilly:11,14,16,
asphalt-straight-hilly:9,13,19,
asphalt-slalom-flat:2,7,
5
ta:0.25245881750672067 0.029922173516149567 0.02134430048570302 0.06611204100266826 0.26487633821426265 0.10720703660162267 0.017840415748033557 0.05654094317137224 0.028594307030607384 0.0102123447528797 0.1297068347973991 0.015184447172581094
jXePX:0.0006239228082434384 0.07874927834414057 0.042772198834035796 0.06040999261821035 0.07159558944234809 0.03376517773511368 0.07167825566615316 0.22333842487506878 0.006566308887291019 0.024826987942373313 0.17720312821284 0.2084707346341819
uJd:0.32202646155423564 0.06616595331258314 0.023100657818049992 0.0634750897395307 0.013589051415009112 0.04468716951402264 0.030487049141406364 0.10183682937751838 0.14176331648613 0.006216399758205585 0.16534734785094643 0.021304674032362053
yFQ:0.1214530821193183 0.014112751043139613 0.032473187406611224 0.01169853201344498 0.13262221586558437 0.0482487856764174 0.1579518823480445 0.17818075751106205 0.1994353863967304 0.020680600524848193 0.020569895071141483 0.06257292402365737
om:0.0060988400919941834 0.04952909284384178 0.022136454235646245 0.045156042626620756 0.37531837542270124 0.05326609401861963 0.10746554110923269 0.20572851126230524 0.006613937376277903 0.06584158835228056 0.009795290298447246 0.053050232362032726
5
Ac:0.15698292550295062 0.2590959337014349 0.001224423818169099 0.054474560333421664 0.2044603787376205 0.06004730154326465 0.043374515197585436 0.012928779574819048 0.03666892176190377 0.0503507191445572 0.0321519618606921 0.08823957882358074
VuOnB:0.1287602159987279 0.1831286658392355 0.06329469743021784 0.0023151273791141374 0.09623116248589128 0.011518085348694114 0.20058278898822052 0.05781665727320785 0.03707106225148999 0.10067342856793834 0.09117681579071496 0.027431292646547683
Dt:0.29463310663520087 0.002059382174603674 0.10817296262622417 0.052163885051894024 0.0008588631123880533 0.045593210272153704 0.06657747155166356 0.24876228369842163 0.09251368402444604 0.03506838075001464 0.008092757833612286 0.04550401226937746
VK:0.09503394621300205 0.09071153005869566 0.00917198564097573 0.04983202354389077 0.11143963022095218 0.12846014056278446 0.07512405521356186 0.055784258372653564 0.18938784231856665 0.04755041408297797 0.09042669933772988 0.05707747443420911
qAz:0.003009934414106663 0.008289175394240617 0.03834050725334576 0.2581097279805797 0.18402655445254099 0.002499828372116042 0.06902825614418695 0.026286194701790066 0.03394173450905374 0.21426515832741316 0.033524111841208355 0.12867881660941796
all-terrain:0.006468164322479884 0.08772817054221844 0.015740262140275678 0.0027677555216743233 0.03217483544783247 0.16557902413964673 0.03844875447391148 0.25652467981766186 0.16916165307428266 0.012864771890178194 0.0027314875968930214 0.20981044103294536
mud:0.07431114785946795 0.14220496306387656 0.011824144550602385 0.028320362606262445 0.16686806371613286 0.24053068810256284 0.029315544215444734 0.04454441039068627 0.07855657416132157 0.10342618813012187 0.05443204065041162 0.025665872553108912
low-profile:0.1152664945335424 0.10024793251207294 0.1256338219432162 0.028065592578875132 0.17730225252134407 0.16923106751349473 0.0543638088592776 0.09223151151329868 0.05718519070978249 0.029437213892442665 0.010319656776242074 0.04071545664641112
performance:0.02205580486650803 0.03831612011112508 0.1695408500104382 0.008615288050338708 0.34673886591175895 0.08303259253795839 0.014437562516442461 0.042969678788336574 0.028801736501861516 0.007330913185920508 0.04541312670410032 0.19274746081521124
2 1 3 6 10 5 10 4 3 5 4 8 1 3 10 8 5 6 1 2 4 1 4 10 2 2 1 7 3 2 8 5 3 5 6 2 1 8 9 10 
0.6033776034406815 0.013389966688523243 0.05863850936001826 0.0725698415366074 0.0222672807477325 0.1701371375404093 0.019904423533551978 0.03971523715247582
