4
0.690 4 4
13 39
dirt-slalom-hilly:3,6,11,
dirt-slalom-hilly:8,
asphalt:1,5,
asphalt-slalom:7,
dirt-straight-flat:2,12,
dirt-slalom-flat:13,
dirt-slalom:10,
dirt-slalom:4,9,
5
YAhk:0.23133044610247838 0.006133891310306595 0.10835609256541948 0.13447302242194809 0.15158162445151918 0.004807360374705251 0.01703346977474093 0.21778904266277788 0.024255377773854146 0.07554490233900742 0.009141266854473836 0.019553503368768987
XZ:0.018713101661790327 0.011864894639566794 0.11481949392766809 0.2753829918029311 0.024885125738907856 0.04647692575345418 0.027468657050517275 0.014306024147957213 0.0023787718227445123 0.14924473479720082 0.15059134095256752 0.16386793770469427
Yxd:0.34232997234508605 0.020356896214367367 0.026939912155163188 0.00818532381543968 0.11407663795005817 0.04772702108500961 0.1070219024221019 0.03544540508961911 0.12605243542366062 0.033472429054137755 0.11566898981762379 0.02272307462773262
t:0.18948147759125608 0.037024600319313955 0.006520224451459149 0.13288216892397586 0.03769671690895981 0.12236184175889797 0.08023694536163006 0.023387573987286088 0.015497299881628583 0.16501724929324701 0.10424827893061171 0.08564562259173382
gWyI:0.20521620199994522 0.05429133466082372 0.004019326794496602 0.05395224953325519 0.24673807765370723 0.09281272575693802 0.06482565836336637 0.01771472730011659 0.02947319043338162 0.11431758540778311 0.012289375531281935 0.10434954656490433
5
KaOUf:0.018011404867100986 0.14095201398308174 0.05309953413406901 0.17150883734524272 0.09092328553269817 0.19183371666781177 0.18829698469537826 0.04532883617519535 0.037348712469178404 0.015978003625392406 0.028149853232109386 0.018568817272741716
DSM:0.1320842091004662 0.10249786172797479 0.09275448841197666 0.20319346443160463 0.12602689727419142 0.09114207541960374 0.004734877276705783 0.061048781824235204 0.06481597326376268 0.025092595307676338 0.04848544521159762 0.0481233307502049
Ixo:0.015029401010469762 0.11391022382145548 0.031299041844671985 0.034088732897839154 0.020029804475621346 0.018017812860601418 0.10836088156040657 0.45820652758684255 0.11287498826593986 0.04404515493927045 0.03123047727494898 0.012906953461932442
Aw:0.005751363137609766 0.4784985039901325 0.13338169492254257 0.0027742774940073818 0.08729794260742495 0.04078690291649427 0.009266013392343802 0.022928208939957753 0.03465697873618609 0.13736725550755888 0.03514154253980663 0.01214931581593543
mBEo:0.07141171621047085 0.046349493225156406 0.07544412615182144 0.01305063738859499 0.31424494097311667 0.09915144853445455 0.05024404572779696 0.11000884596488394 0.005136876121779207 0.03226236613149565 0.02887579124839428 0.15381971232203506
all-terrain:0.15687914894553967 0.17909547998421005 0.011122302718358016 0.08317615506465269 0.0304466350195899 0.0241197196103214 0.28754787525824477 0.01903161920793254 0.020508561052997313 0.17001162176724346 0.005228479915264041 0.012832401455646096
mud:0.17930710711245096 0.012195170215481579 0.0018544333468758858 0.11796530798801769 0.09099672914129206 0.10557353056591709 0.16139974891359785 0.01263672207147055 0.0005585581412974723 0.1547947287910782 0.013646913500116157 0.14907105021240458
low-profile:0.1214768957463384 0.06329806134078106 0.07813234929058249 0.0004513944249291037 0.01824297859679194 0.10750623785464661 0.02119226850204897 0.14891298654593946 0.05961047618974883 0.2589577410574995 0.12142132688222315 0.0007972835684703418
performance:0.04806658633422607 0.2586849267914916 0.027203859068178064 0.010742533302759082 0.0401683439807627 0.05412588290876804 0.03724468813486722 0.058792584478638714 0.2186620906362687 0.06438877198844598 0.10420112156961446 0.07771861080597939
7 10 6 7 1 3 3 2 3 5 4 9 3 2 4 4 9 4 6 10 1 1 7 3 7 10 7 8 10 1 4 3 8 7 10 3 6 4 5 3 
0.26318430505833446 0.007799106508911773 0.03335995937868876 0.485859332335287 0.12164355764186657 0.0056240137910331545 0.06652906329127449 0.016000661994603694
