4
0.941 4 4
30 90
asphalt-straight-hilly:5,11,14-15,25,29,
dirt-straight:7,13,21,24,
asphalt-straight-flat:8,19,27,
asphalt-slalom:16,26,
asphalt-straight-flat:10,18,20,
dirt-straight-hilly:2,6,17,22,28,
asphalt-slalom:1,3-4,9,
asphalt:12,23,30,
5
uZ:0.15806130028015722 0.02873642607870977 0.12081986900689516 0.006170986859259951 0.012607008439118677 0.18151628387580573 0.008467032698787005 0.11967238137540946 0.04390321550224253 0.2759528055959373 0.02806004666446018 0.016032643623217047
eJU:0.13312033427541745 0.2840216040774414 0.03577566841422206 0.044543439431417337 0.2038097766457938 0.053607197992722753 0.007660073879838464 0.08905490593585008 0.026271653036430923 0.10893985694540005 0.010912979596513241 0.002282509768952089
JUeX:0.08123973180171179 0.13151110407573785 0.13652930561341783 0.23057327323848772 0.07923631363423649 0.07425467375321815 0.009831756477206664 0.04436619497277714 0.023670995883467678 0.02927371505997294 0.011856099506464185 0.14765683598330165
XX:0.22298937185126183 0.01744582158235799 0.03658731338915894 0.016828804661148618 0.02128537043374199 0.025790224603466732 0.1138904772427761 0.027825358443806573 0.12340911620903572 0.14328056428640598 0.05347632002275487 0.1971912572740846
ePex:0.06412884130416356 0.06572246727226495 0.2188913578038477 0.028017489731763323 0.11789237999401442 0.057464645676917045 0.00815462907234105 0.1454853257977518 0.11978013538862954 0.12635815117437033 0.020988882067969665 0.02711569471596671
5
JLC:0.05852792855980975 0.04505552164898544 0.12913844463757498 0.12962522899619847 0.11989506308020277 0.0980862913692326 0.13845947454618737 0.004240571071440589 0.01323086215169316 0.05522597914945929 0.11007407803905807 0.09844055675015764
Ef:0.028494862637524647 0.012178520106206573 0.179665792165463 0.108184016892829 0.043202098946411756 0.04154136945308289 0.04532365415001176 0.11495315845070331 0.05929673669521986 0.02202147374689074 0.20260030483193564 0.14253801192372087
LaVMu:0.005996832691505213 0.18551240480440478 0.007841400529230233 0.11302787324867032 0.04321856175782948 0.005710511219464031 0.004262519013684464 0.1691027263052911 0.10820572758571584 0.043893432913840257 0.12841647352412638 0.18481153640623785
kDP:0.04650925573146763 0.015217834157763191 0.04807455928145642 0.06515725111344649 0.04932275871101033 0.09055574223520922 0.0596884410339 0.1247171576247349 0.14963855777256393 0.20751768127647138 0.01570446648651411 0.12789629457546242
B:0.09977097911202162 0.15520622022785757 0.09745224263663656 0.07663341424663858 0.05257467204605718 0.12244536614143102 0.09345278687204961 0.08832227185526247 0.09775073165350921 0.02538994993514959 0.06983004624803694 0.02117131902534965
all-terrain:0.017053978512767166 0.07166203997764796 0.03947925803301815 0.03320803799040139 0.12249189791936323 0.18563225202307784 0.066188724032781 0.008048639012459911 0.17267367087281002 0.00614204970490341 0.1674080092067249 0.11001144271404496
mud:0.030557442076782338 0.27203944057082696 0.05844621720353913 0.10376498382375365 0.010749365741639412 0.22879703659723244 0.005865525214777652 0.07218115532181937 0.020448453637930172 0.0878297677983399 0.06964425719711445 0.03967635481624444
low-profile:0.012735294020284517 0.07274580414540645 0.03341054874690456 0.09704019938422437 0.004397924263328126 0.11892629819809954 0.16591823210385465 0.07969437796058015 0.02572781798426246 0.21510606966894813 0.04498679226806499 0.129310641256042
performance:0.0060234088838172955 0.1603100071284763 0.031127433700735563 0.07162782745394479 0.010130757229332923 0.035539405705822695 0.07699165693556108 0.14187962461782208 0.13478584222443274 0.06606098377611842 0.2033682170988517 0.062154835245084264
10 7 8 3 4 6 6 3 5 5 7 4 3 8 6 2 2 10 2 9 1 3 8 4 7 7 3 2 1 1 9 6 2 1 8 10 9 5 3 3 
0.07330370231428647 0.4444967572844329 0.013585621455946719 0.03517516629308845 0.04653238868711276 0.09470621131137975 0.04275090659494807 0.2494492460588048
