4
0.794 7 4
13 39
asphalt-straight-flat:3,11,
dirt-straight-hilly:7,
dirt-straight:2,4-5,
asphalt-slalom-hilly:1,10,
asphalt-straight-hilly:12-13,
dirt-straight:8,
dirt-straight-hilly:6,
dirt-slalom:9,
5
GyFY:0.0346880824677331 0.13913948992084776 0.07845447240362016 0.0031677419998376024 0.099968880952278 0.23206638553866316 0.05375305923372058 0.11113064350556928 0.0354281128937518 0.002674924846688614 0.14163796201155282 0.06789024422573701
fvMvQ:0.026014858784001026 0.017005614310261926 0.11427882934845637 0.03788900569066157 0.032187111139878426 0.05790210531494124 0.22519626836525938 0.03991084985513356 0.27421235980699465 0.1358219901102316 0.030113415374007947 0.009467591900172417
ldE:0.05503452475543494 0.09530769284052962 0.11895840055082725 0.02103716838773058 0.0269558655733472 0.11143072237276697 0.18601720240713654 0.04830077845339413 0.23926944162220298 0.009149995801478577 0.0700468034675068 0.01849140376764464
vJuN:0.07496699298025424 0.126142960585789 0.02563628910790456 0.03036020070501845 0.030022335008409742 0.10913817339693939 0.15530054619371872 0.0171881881607634 0.10570711568317671 0.10495416370557772 0.19355389421865735 0.027029140253790745
dyxch:0.1138251913615041 0.011778801515484506 0.0361887054405331 0.009111484569686926 0.00030372790157110906 0.030280797562307102 0.15446525564806757 0.06357285627442642 0.2638855722125799 0.036116354360998006 0.010453061077832422 0.2700181920750088
5
D:0.05154473686222329 0.01089119665498944 0.030566702186859175 0.017808568757049156 0.05022241257586532 0.10705436761963677 0.34919321696247535 0.17037359326022586 0.017608753311835014 0.057794372011969436 9.701140899683848e-05 0.13684506838787455
Dd:0.07997495460180008 0.118215428962574 0.20682362800325438 0.004667783753190829 0.07139512659790125 0.04623645983476406 0.03530768788702449 0.13346048401311758 0.02841537119393564 0.11204161463255181 0.03839958475349219 0.12506187576639383
GOTX:0.10114381110110535 0.01873451641878789 0.005651012594802251 0.10231628563531416 0.027945332239674263 0.11068287400828582 0.3470116708553496 0.029851840235733496 0.04008356351260205 0.13033472156945472 0.06731409396390992 0.01893027786498054
abM:0.1281602183123901 0.0828463825313493 0.03024827441403799 0.03787444537954094 0.05381681084919261 0.1401022944016688 0.06853684289557016 0.06974670602241227 0.02128567702366399 0.0008170480435255666 0.34411071956018247 0.022454580566465834
hJEVJ:0.1619448401777064 0.013353841189845079 0.035282849326179984 0.07530126937911362 0.04519657771496993 0.17626838337696835 0.02004368907931627 0.008984140980068675 0.3957645035958124 0.034866254335319466 0.02528835557384748 0.007705295270852424
all-terrain:0.2128294298897251 0.03321909872658915 0.059889125650059 0.08249520919790596 0.07372894468133173 0.018876928613931494 0.014771649696614327 0.041911209752952164 0.03272089126824862 0.10925570862964938 0.06112224057223874 0.2591795633207541
mud:0.07384462468302076 0.04467995127879144 0.3026070355698915 0.2328371422369934 0.08500425848209539 0.014263570391792614 0.010734119913935374 0.07335201920990142 0.09451607546794812 0.015190682275345794 0.019143167840347284 0.03382735264993683
low-profile:0.19456465610093174 0.17302094637726084 0.030630591175048738 0.020225109597782395 0.0601105660623173 0.104048177082224 0.03396676955950845 0.051377121326863964 0.14310439498431532 0.10328909862944627 0.05854963398663302 0.027112935117668196
performance:0.09791866800750448 0.09863225143943644 0.033179749648274255 0.09401294657332929 0.07050620067795428 0.0992455553696902 0.173627568099253 0.2777578005514804 0.045705144784842826 0.0013022642931358349 0.003719335596716332 0.004392514958382853
5 8 2 7 3 4 1 1 7 2 7 8 6 8 2 3 5 2 1 8 2 3 10 3 8 4 8 2 5 9 10 8 9 5 8 8 8 8 2 1 
0.3913852143194674 0.011087592006858618 0.06608067700262753 0.11005591393255842 0.08830819378453694 0.12280966740005819 0.14554617197866251 0.06472656957523028
