4
0.623 3 6
12 36
dirt-straight-hilly:6-7,
asphalt-straight:5,9,
asphalt-straight-flat:10,
dirt-straight-hilly:1,11,
dirt-straight:2,
asphalt-straight:3,
dirt-straight-hilly:4,
dirt-slalom-flat:8,12,
5
UITp:0.03175012327910946 0.13180132765797697 0.002936762486879893 0.025836672081391728 0.019198024857206213 0.1563180267199987 0.15554905735613148 0.031057228515660666 0.2702456981997803 0.1343886847644201 0.03983104437669618 0.0010873497047482127
bxb:0.05416150261518197 0.20230219414616069 0.08782032627809756 0.010794507983957749 0.14547963270556832 0.028087631173090363 0.03287239800417299 0.03189339436679079 0.04456802079187524 0.04650769849698921 0.2799546653105708 0.03555802812754426
bha:0.017246866743579392 0.0319065348269668 0.10577297173343535 0.2441268275393779 0.00040826977645649145 0.02305182112991881 0.01009208219472092 0.04685627413698877 0.2379008486870172 0.007103498384979333 0.10987850334643319 0.1656555015001259
xWmrk:0.1383937158213471 0.0899720939210685 0.12463179051322522 0.0010753100760387759 0.09190970539930285 0.13073215133077692 0.011536183841246389 0.002736926303061074 0.12552576930638468 0.06299091098040506 0.14258880110314762 0.07790664140399584
kLKDI:0.0002366593399520148 0.005144153851027553 0.20860073406125743 0.13353054662979066 0.08443492077597173 0.08733948927174658 0.1622009885772616 0.14759766883968362 0.06412721999760336 0.055053912434475466 0.03418415019208402 0.017549556029146107
5
aqdA:0.009957757201054528 0.026179205267864897 0.10421785775900323 0.10260195130887931 0.15666020206774892 0.023752074955309357 0.06630765526223334 0.10574132601055519 0.06605095199498215 0.023159182497870003 0.006686329177602978 0.30868550649689624
GcqK:0.09359757593732222 0.017659765443423667 0.053636013607125 0.13706623094788706 0.0220485832181441 0.039134149657046285 0.24505862278268656 0.06504345411450042 0.018501744072345908 0.2006909682800953 0.08981012091200874 0.01775277102741492
s:0.07872793103074324 0.05487472115050668 0.027022800263827123 0.08055912429717328 0.032524967433042326 0.012460717849962962 0.03046265883027356 0.05253842643673382 0.1401571281405091 0.029123702728412106 0.3347277362979777 0.12682008554083818
L:0.044565669209540394 0.08933274441572878 0.07471589297104586 0.022938811434057696 0.08714694779183682 0.07556705108080396 0.00544062904162258 0.13501992249762754 0.20993493543810815 0.1223463014776016 0.08194812273511838 0.05104297190690831
JEvjv:0.14301227004954348 0.05644222161046024 0.15237152258172823 0.08072211238053564 0.12777721373104406 0.009889663534739138 0.03999841929585017 0.0023701996134292435 0.13542988879722775 0.18281013937395754 0.06814938822755376 0.0010269608039306468
all-terrain:0.043787242379227514 0.06230417460320168 0.00405287239761348 0.17015824537614072 0.04314927264253307 0.22896158085079588 0.17770222682533307 0.041594136075991064 0.005254677619067937 0.09384186709419341 0.10386719256438726 0.025326511571514877
mud:0.02516023051540119 0.07687186179487113 0.022985536687003934 0.16551478384930657 0.11478787713276234 0.1478426674028154 0.05424936794162123 0.091376385125028 0.050329324456391177 0.008313052426686828 0.048829379477158194 0.1937395331909539
low-profile:0.06661289169409257 0.013989593551133639 0.11592076527208281 0.10899248756229905 0.0947340557350276 0.11328055953609516 0.10976867549005725 0.08881706285951371 0.1260922812040685 0.04259752512981129 0.048641431345119945 0.07055267062069842
performance:0.11677972860509651 0.07872629683706156 0.07119293850919257 0.017191527961990558 0.20906393138811138 0.1487535656792285 0.06455384740033328 0.016577183583968074 0.11959647695320946 0.07030870601959215 0.054346884176881854 0.03290891288533408
6 6 7 10 5 4 2 8 5 2 3 3 10 8 10 10 2 9 6 6 1 3 3 1 8 3 4 3 5 6 9 10 5 4 7 4 9 7 9 5 
0.04002918158781482 0.038091887011346685 0.0336843988404451 0.0589440671509245 0.14945841097762988 0.09128025531770495 0.4362662426419756 0.15224555647215862
