4
0.632 7 5
20 60
dirt-slalom-flat:9-10,
dirt-straight-flat:4,7,13,
asphalt-straight-flat:2,11,17,
asphalt-straight-flat:12,19,
asphalt-slalom-flat:1,5,
asphalt-straight-flat:6,15,20,
asphalt-straight-flat:16,18,
dirt-straight:3,8,14,
5
haX:0.02136849250269439 0.08239501274992753 0.13110255695508685 0.19715789968075745 0.06323724372304713 0.05582180139070031 0.14029154828632054 0.05195173969469823 0.03124652298111865 0.15028341951479185 0.02112740879232393 0.05401635372853331
Vue:0.128863119961256 0.06402085666670462 0.016517539056948728 0.1849751717551101 0.14204518183579098 0.024492633627111442 0.1551243812011397 0.007019969822343672 0.20427139564263117 0.0009569940321752421 0.010771473883692219 0.06094128251509592
GpHPw:0.022463577263015434 0.2735075734036411 0.10792798719191879 0.11207007054575108 0.05720166388588321 0.001186915999501891 0.0032763107340297646 0.006525000075226131 0.029223077008447805 0.23296022621692056 0.12152468628387063 0.03213291139179356
v:0.04776144854419204 0.04999174652469079 0.03978122641713965 0.21405556005121118 0.18932021832780643 0.15935806909937136 0.011542455587772418 0.0010499552504648088 0.08710248151971565 0.0896329918573362 0.06178223786315477 0.04862160895714471
TYNi:0.2105327685960158 0.12437665305611895 0.043557759363109905 0.012819249154588118 0.1772201499510142 0.05301378965585579 0.015427681787043434 0.1973412510805929 0.05261702540130009 0.02459722479409467 0.08327919425995656 0.005217252900309707
5
uWqt:0.10763341113865894 0.09485222367980066 0.034978382239248956 0.043519156863070126 0.16649783850913188 0.05184665901591471 0.08747649567432997 0.09317352847593002 0.21642054555093235 0.03131242274883077 0.06086822965970292 0.01142110644444865
N:0.13432554879083872 0.18881583723679166 0.0048136613698658145 0.011858946905923446 0.012222155830767351 0.10975948988959335 0.09749575712389971 0.13217666598476946 0.0509331576558524 0.12758334573115787 0.11655672886443123 0.013458704616109082
Pzy:0.05535315741957127 0.12412402918496934 0.08348724240488593 0.049047691415653204 0.05260650598290623 0.097883613883995 0.2181966837013588 0.08430818597548458 0.11458991773641648 0.039113075533097855 0.047090346940040516 0.034199549821620906
x:0.014585044807520164 0.12470345161447365 0.050386271081317095 0.006791837699910069 0.2324613380191892 0.0026588344582580475 0.025685364568025334 0.06144875072167988 0.1378163381815716 0.1784254849763486 0.1616851816003329 0.0033521022713735617
CwuhB:0.04144384756561329 0.09723067321470927 0.0013295193928866017 0.0787164056350891 0.17941187687983823 0.024214147857305603 0.002732242987731533 0.19768783889331193 0.21812557404787775 0.0023248726880838585 0.06597096029148007 0.0908120405460728
all-terrain:0.016699344418707365 0.0402343206153304 0.013899279486302148 0.020747099646312776 0.20402857660667273 0.2679021350074617 0.15213645177871735 0.04523626803134584 0.09141062317772769 0.06419784151739129 0.06942814481669049 0.01407991489734038
mud:0.01969178854984588 0.0011268871589820615 0.006462709034981981 0.026682872208426984 0.23871514142622452 0.05916910313123348 0.06211892977835018 0.07735154223168447 0.0585488104191193 0.04831056574105924 0.21225596846856273 0.18956568185152917
low-profile:0.011119764158823112 0.011225092519066044 0.05046462068838754 0.036401309798536896 0.022940012731267032 0.39742305228265895 0.019715332325479562 0.002183848605659852 0.05571967420839027 0.18764423029539445 0.12441787951544295 0.0807451828708935
performance:0.0971585842322991 0.030733453626250264 0.022403678824813845 0.0437114015538664 0.039679932597620565 0.2236004439239602 0.007124323112339747 0.13716237585515095 0.12277857908576367 0.027366056993897183 0.22267742057234235 0.02560374962169566
4 10 5 4 7 9 2 3 5 3 3 3 7 6 9 5 4 6 9 5 9 1 4 3 2 5 2 6 6 3 3 7 1 10 9 3 3 8 6 10 
0.04008579260671886 0.08760932940211165 0.07717585869017407 0.4297471091237551 0.14248380387676501 0.16252059465989693 0.013988222464153653 0.04638928917642494
