4
0.917 6 4
24 72
asphalt-slalom-flat:2,17,21,
asphalt-straight:1,3-4,15,24,
dirt-slalom-flat:13,
asphalt-straight-hilly:8,10,18,
asphalt-slalom-hilly:11,23,
asphalt:5,9,14,16,22,
asphalt-straight-flat:12,
dirt:6-7,19-20,
5
iwQsC:0.09291741638717976 0.008854946147373163 0.11205475028659313 0.03306727095992378 0.2025269632172768 0.14708770582010552 0.025757878512678644 0.10186067163650804 0.011121841111844095 0.06149264921398922 0.0174872799353372 0.18577062677119066
gbQvC:0.08240599834864404 0.002561832205717305 0.09214876447149264 0.034672322141145046 0.1277679170904912 0.28993507207615554 0.019587558080566687 0.001621242519785967 0.03140035628933197 0.03765900239215006 0.15158712423139822 0.1286528101531214
zesn:0.03473202598922422 0.00324591993945771 0.27302627389480977 0.017331013517711786 0.06674816369871997 0.016126909668191778 0.044299592414729076 0.016529997290830042 0.03321510036203313 0.12967343259796318 0.28215208507832773 0.08291948554800156
TUNd:0.013000614061224323 0.06850530780884434 0.08175952866243777 0.08098745733005187 0.05597143317010702 0.08346194171359676 0.2683518940469873 0.007195504204725388 0.1540869755340776 0.12999775267027952 0.018664610148831317 0.0380169806488369
hNd:0.08801282519365419 0.07349295636027244 0.036431228834821285 0.05388763691991771 0.09353542212260409 0.030582437463251212 0.1658081391076852 0.02435474019483153 0.07174856251489631 0.008935509760136953 0.31655282808973506 0.0366577134381939
5
iXmH:0.05950389731201338 0.2291519355990108 0.0296397798071506 0.015320751116745997 0.05658796507179861 0.0028621493473956617 0.25788165023363246 0.08046763201164436 0.04848538934079351 0.07546444007284518 0.14396668603148322 0.0006677240554860451
YSO:0.24621513561473263 0.04492989983468102 0.17049064787738266 0.006105908264741709 0.06353965621800953 0.1171234588066413 0.150443783323237 0.12058600122923675 0.009153754733069959 0.019862719689220272 0.03479610397768591 0.016752930431361474
TM:0.0734539111208388 0.033703032699438265 0.023911477593486396 0.02767423160581692 0.026313302385951663 0.11416577267460114 0.16347939325535651 0.02312500279284007 0.29126163959502077 0.12529374047514988 0.02378995164289612 0.07382854415860342
N:0.03806091722311978 0.02980636637991377 0.18665646191816943 0.01415722140386471 0.09403731379044032 0.033093443918623955 0.1875617750499657 0.14966597375311905 0.004714118514405718 0.11955338588344458 0.062363119351617126 0.08032990281331594
Yj:0.2842571300345754 0.00027183863334614245 0.03903792371995079 0.003947290533042211 0.095456807716784 0.1211850315984376 0.003447560563310053 0.21583780704763086 0.10590477173569818 0.0382001267184563 0.081121492563266 0.011332219135502425
all-terrain:0.18657571585435978 0.04096546882758261 0.19793439229044596 0.017087489771759036 0.013672277074040715 0.021773238598932015 0.017015346471619005 0.09382879071433117 0.08898284281885051 0.30964939986496726 0.0029767805204366595 0.009538257192675158
mud:0.1677472335754997 0.06306174701662494 0.021543957905013875 0.024159878496001732 0.24490345344783435 0.08266250647155536 0.05815037872265056 0.03865584189056832 0.05796811681409599 0.09168347881669502 0.14651469312371238 0.0029487137197479565
low-profile:0.20199879992325598 0.03687039200955838 0.029499999928290752 0.016421853072709387 0.09030791136522343 0.08603368200662254 0.2638554305565579 0.0006321660082254998 0.18521451702925473 0.041249624287451665 0.0063961844294398345 0.041519439383410045
performance:0.0692721958869714 0.006311376693838962 0.015959608596885187 0.039147524767061154 0.07937164769185542 0.018479959118435 0.18997723904486277 0.2741509621367698 0.020100464648305033 0.030670105065913687 0.06290989737280009 0.19364901897630152
1 7 6 2 5 9 8 4 9 9 9 2 9 8 7 2 6 6 8 6 1 10 7 4 10 6 7 4 5 3 3 5 2 6 2 3 4 5 9 10 
0.11563820435548867 0.3499512979738168 0.1375409950305382 0.1285054921636512 0.1633970994892947 0.05959010322660117 0.03856187721749975 0.006814930543109525
