4
0.741 4 2
25 75
dirt-straight-hilly:3-4,14,25,
asphalt-slalom-flat:10-11,13,15,
dirt-slalom-hilly:12,17,19,21,
dirt-straight-flat:8,18,23,
asphalt:7,22,
asphalt-straight:2,5-6,9,16,
dirt-straight-hilly:20,24,
asphalt-slalom-hilly:1,
5
rC:0.04697125775793715 0.007396387722134438 0.012268240725275341 0.2161876264232332 0.1589105130088513 0.04760366876862258 0.22986204773706367 0.03902293643645816 0.0676048359626177 0.0639177666351514 0.008816853109540723 0.10143786571311444
Qqb:0.014506948916048071 0.1424185548293043 0.058500562919198903 0.08802674851427252 0.041827247592366314 0.008755659740891467 0.0741611368698676 0.09736347159502258 0.06719410495669952 0.03163131435162897 0.0824569725654034 0.29315727714929624
Sd:0.040072749125566284 0.009964583349982742 0.1984316203868312 0.15792050462022783 0.043354248003852104 0.004067469489620629 0.06839501829035988 0.022081622940892092 0.021845193331622197 0.19042624308306733 0.013987611038602086 0.22945313633937575
aiUap:0.2508037688250762 0.008985454739055635 0.1245380923771417 0.01654318029230804 0.06122168356111408 0.07680370759066764 0.07023467006754919 0.046844004784331865 0.3392891561032276 0.0019418971732425875 0.0017588991315506469 0.0010354853547348672
x:0.04903459735368191 0.005180104323776369 0.01834605107454507 0.017894369334521504 0.001696306745700742 0.14337218199175594 0.058066448868458104 0.3825405294365045 0.177260437931808 0.02316256687105443 0.033289048573993604 0.09015735749419972
5
oBJ:0.32636531892174553 0.043000892550487835 0.034133585484214406 0.19547013991955053 0.008025107768672247 0.03887353339584864 0.024686946647071425 0.1099617672710661 0.06275707953263669 0.05451694623153794 0.016089207840196285 0.0861194744369724
p:0.01846245031935699 0.03382277852131778 0.025369460848187902 0.02711855180991568 0.11924180701763556 0.13863143046981596 0.029970217201679014 0.14858270364768578 0.08358956488503405 0.194407621271666 0.03825745124056669 0.14254596276713852
HDq:0.08709057206518878 0.1488252521044575 0.04550088108782001 0.0540747937741954 0.0033946509419156444 0.0162083767025255 0.08194329543271203 0.14300908870633047 0.07040435137241957 0.055026956739163475 0.17827546109318063 0.11624631998009104
yC:0.04607264638613847 0.04686652943030185 0.02153156761755107 0.266908397277583 0.015800020009260285 0.08917708487736102 0.03794158167971878 0.011804043605216008 0.0370994391611031 0.20176280101422786 0.1978931222058399 0.02714276673569882
XHRH:0.05589034512225427 0.044438651127707104 0.0013407010186391652 0.15871250481396695 0.061081600270408834 0.26449822645006793 0.04245561995834158 0.1345429695178121 0.02041461665862864 0.0024716161093997924 0.007691953474742056 0.20646119547803152
all-terrain:0.04812888051844505 0.1306805423799219 0.042687270489785954 0.005080938318584357 0.1255751621576585 0.02675214356445445 0.031052897233824553 0.20927448128983533 0.061906649186027465 0.22264668630364426 0.09336997980034174 0.002844368757476323
mud:0.04888426437730028 0.0046052379000372365 0.36872365097388227 0.10542089712602895 0.20809464319142212 0.0027250210553347544 0.04978908867366765 0.01838796202922657 0.013077705619649473 0.11652194192172399 0.005840821835302846 0.05792876529642387
low-profile:0.02281060061382079 0.10842564655479048 0.09704285914621533 0.29219121985058477 0.12198338906257092 0.03749854241119651 0.02549178524896292 0.004780619466868698 0.0869745208736271 0.11448971151131032 0.039006958525848 0.0493041467342042
performance:0.10198538895687875 0.2841259331700681 0.020160980028522096 0.024165023762720065 0.08179900490269756 9.998042672563035e-05 0.09276534012232299 0.04276941420287314 0.01207070252094576 0.023251585280558887 0.2816849387576475 0.035121707868039476
7 4 1 3 10 3 8 2 2 7 6 3 3 6 1 5 3 4 4 4 1 4 8 1 9 4 8 10 1 9 5 7 10 10 6 9 6 6 6 10 
0.06704930411423747 0.06959892520603368 0.051666986735852884 0.015100814513108058 0.04813215519736087 0.12227745617511643 0.5149007198201144 0.1112736382381762
