4
0.946 2 2
17 51
asphalt-straight-hilly:7,11,
dirt-slalom-flat:1,5,
asphalt-slalom:13-14,17,
asphalt-straight-hilly:15,
asphalt-slalom:3,9,12,
dirt:6,
asphalt:2,4,8,16,
dirt-slalom-flat:10,
5
CYl:0.0755981384396167 0.17309785110714182 0.02735673078066375 0.26297312594339134 0.03915339357606065 0.06442113063555806 0.08793213312426226 0.06059665805763715 0.003144886263865326 0.07171114180032383 0.059390790461737154 0.07462401980974177
sB:0.11449690353367009 0.041751494989392235 0.13362227538194166 0.014044098892872286 0.08249002857329316 0.011900926962818489 0.12379518818016101 0.23565743230623232 0.02785749587858447 0.09463860174166513 0.045249017604662094 0.07449653595470698
BKVpG:0.030293242995399056 0.16366900200230308 0.06174931479868169 0.004529991926127351 0.08387344076999072 0.05582063090924654 0.05818047464847706 0.23835073583706673 0.05840338566012513 0.09461926789992008 0.0659042218233645 0.08460629072929786
Xm:0.17507383243765912 0.08673011166708243 0.0938508327095537 0.10473309349666342 0.0016328600205443205 0.02304957164091763 0.2496851792055258 0.15477179503893632 0.04863528105427591 0.016925738340909775 0.009512495371893921 0.03539920901603777
vz:0.1422842393166562 0.04758023303137843 0.0477411122690984 0.39629222178073903 0.013303951745847642 0.00950749223324594 0.06115857617705092 0.007588616808472007 0.10607208391317688 0.03821189624949604 0.08800760309769871 0.042251973377139714
5
W:0.328522956759819 0.062354848550752524 0.07023699365803446 0.06373099464539562 0.07406189689434889 0.1055713255881414 0.03706338484359541 0.022138260350273022 0.1058754834306354 0.005630005940559431 0.008071518121488206 0.11674233121695671
uhGuk:0.1010812174130153 0.16994607575097015 0.029530689803391408 0.0088071579524563 0.14839387812565175 0.08754404624550871 0.21403230384178884 0.06835089487335645 0.05470629381657535 0.0014645733821054472 0.052526882799088334 0.06361598599609189
fj:0.09990016699399315 0.09694762896153307 0.1466181418870202 0.06343141124451965 0.003576156411322096 0.2141382826304807 0.001283619560625446 0.17216907356222225 0.008960614802734848 0.18555019067364553 0.0015857842086102998 0.0058389290632927865
WQyx:0.025974037507308853 0.10552864974099462 0.03508488075800832 0.011779347941580526 0.050876926156350484 0.07173781229503137 0.08577907863101845 0.01780447743739486 0.010559313877914435 0.4896121303262258 0.00892120191904532 0.08634214340912706
UvAJz:0.14586912118957548 0.03737277736480724 0.20853740104165325 0.06826749086183698 0.13712117921535194 0.0629320388377887 0.03733657722400133 0.03416117811798712 0.15204605203398422 0.052902402383756125 0.04131110575184972 0.022142675977408016
all-terrain:0.059489144371268565 0.06029712019231383 0.12351512307831845 0.04445524120656559 0.03190164260075905 0.09542793269847287 0.03273352981970197 0.14815370072499282 0.01805274496331554 0.35424719804018523 0.03091807776802921 0.0008085445360769288
mud:0.05906054037108261 0.02228822120175659 0.14002886376652698 0.055230825818450915 0.10942635541902543 0.13004319994451985 0.10401941054231875 0.08818709937355931 0.13714012511913615 0.05181096187661785 0.06905085897961301 0.03371353758739267
low-profile:0.03984897276209371 0.4985443157518108 0.005747186988278232 0.033110081829773666 0.16949976463774083 0.0006204032763135472 0.0028931659716775783 0.013275244711095521 0.08885480019790726 0.04672095280680343 0.030984337303512695 0.0699007737629928
performance:0.08723749348919947 0.09002239472796797 0.03365086027306401 0.16665119394903005 0.09530060464935274 0.0015077458074726113 0.02887557761237038 0.028974929301547367 0.2547366360058423 0.049353347163966985 0.07631312486853611 0.08737609215165025
3 10 9 2 4 4 10 9 9 2 6 5 9 10 7 8 7 2 10 2 2 9 1 3 4 9 2 8 3 4 2 9 10 5 6 7 7 3 8 5 
0.03622391552867596 0.10145760500165486 0.01620451666723534 0.2727405213657534 0.08850075986601504 0.08486283908746144 0.20169989939713615 0.19830994308606767
