4
0.648 9 5
27 81
asphalt-straight-hilly:4,6,
asphalt-slalom-flat:10,23,
dirt-slalom-hilly:3,12,15,
asphalt-straight-hilly:2,11,
asphalt-straight-flat:1,5,7,14,19,24,26,
asphalt-slalom-hilly:16-17,20,22,
dirt:8-9,13,
asphalt-straight-hilly:18,21,25,27,
5
lR:0.15672285956551169 0.07636249656775174 0.022819142606025192 0.0976513412170054 0.021282163087517455 0.04361557709598733 0.0243623227057828 0.02727319365208753 0.13767709469674663 0.12666775141043787 0.0872554353897105 0.1783106220054359
wnGi:0.0546317965533614 0.04537323163410422 0.10208375663280925 0.028394983601394683 0.18403753245399057 0.017094997505252705 0.05283120617588072 0.02776517463331367 0.05246403751455118 0.000779944030789581 0.12700793767121454 0.30753540159333753
ksoA:0.12150188458790416 0.08004006388323079 0.007773574970603383 0.14302814451771734 0.08381967075309507 0.025619370125729447 0.40752553472049846 0.015577307702038242 0.04265993789445565 0.02961078641588454 0.013390518719550082 0.0294532057092928
NdgGM:0.04658475722348804 0.19085719410982124 0.0018721359553370666 0.2413294620484371 0.005107853531437888 0.19979180337771246 0.12405752210119583 0.009946817435432567 0.0628405945707431 0.038631087570904075 0.0077792766061885 0.07120149546930217
P:0.002452321694833211 0.04867292508654616 0.014618273845773263 0.18585400517358786 0.18025543817779127 0.019949413584515473 0.22832135141662663 0.13226754841345514 0.020319107482546967 0.04028160066532508 0.02570924676367293 0.10129876769532598
5
UMxf:0.040492035710808165 0.00220109634244322 0.04270765792124558 0.009390675761870198 0.05996698134437396 0.13675117041237098 0.13111860038736686 0.0019354293708307455 0.01962151824211095 0.13992008938924075 0.3112678737955908 0.10462687132174778
DNizH:0.17679926559828193 0.09333638770254128 0.0035408380737995595 0.16163179691397522 0.13426742104496422 0.003455945718352434 0.0538553436363908 0.09570735659767632 0.14520031397426764 0.10830154278177045 0.013346526348620684 0.010557261609359523
aWvj:0.025851192847632227 0.07411518911000292 0.05038449201653386 0.11668824541861446 0.18253357418600338 0.011071512281404676 0.00447061979693968 0.0860715280858195 0.249997371532402 0.006662321181302926 0.020282492493402183 0.1718714610499422
nkls:0.051772176869109246 0.014919421523837932 0.07754324922054623 0.11974855480804415 0.2940292638342475 0.09298747084587555 0.07204733488702858 0.025380618464072722 0.06607499682801947 0.016181763251942018 0.02246995738069841 0.14684519208657834
FFk:0.07314013549455481 0.06528135348083669 0.028602067945022857 0.08806549715273312 0.0053184612962512805 0.053112226596275694 0.030914050755076132 0.060701723438992966 0.07016281717198705 0.14760941299831454 0.3392494871594743 0.037842766510480554
all-terrain:0.21688591399858614 0.025393501270202533 0.21602626465036942 0.08568901892150788 0.008251760864972327 0.10515822708386324 0.0774193257354574 0.09949622936240021 0.06008024270919857 0.0749987048318133 0.02265864948141735 0.007942161090211395
mud:0.048299351142076376 0.051629260354010297 0.1250805063868259 0.08090872657129661 0.07199569288960342 0.0011365407648728082 0.005836518682479482 0.048078034473957185 0.04510606171181742 0.14731543715015172 0.28056163992399064 0.09405222994891807
low-profile:0.002368958944288255 0.08106731690854974 0.02784015285482555 0.1246598054519179 0.16802651046867434 0.2930480804775615 0.055479184545152084 0.01782454358663913 0.0017273555516760758 0.009114888713120672 0.1771954731078051 0.04164772938978983
performance:0.03327050940680441 0.18677392067111878 0.02015134091137443 0.19717227064174175 0.08531574476022953 0.08623960665949397 0.08946050925635526 0.18581329436813127 0.00017474857312715217 0.019444743700548526 0.026172086263462856 0.07001122478761207
5 7 8 6 4 3 8 2 6 6 2 7 6 4 9 1 8 6 3 10 1 8 10 8 7 7 6 2 2 6 10 10 6 1 8 9 3 10 10 3 
0.07601275506614587 0.07562661225753545 0.10149670005932576 0.26964462961894065 0.1307813287396207 0.07518534891555281 0.1622334416951933 0.10901918364768542
