4
0.998 7 3
12 36
asphalt-slalom-hilly:1,8,12,
dirt-straight-flat:3,7,
asphalt-straight-flat:2,
dirt:6,
dirt:9,
asphalt-slalom-flat:4,
dirt-straight-flat:10-11,
asphalt-slalom-hilly:5,
5
rjsNl:0.13266336501490344 0.0440266626457419 0.03356628629797109 0.09742930773630058 0.2447747314628552 0.03099900980570087 0.07560802483242386 0.06946901759421208 0.06431115969180067 0.02278309693250312 0.05997874396647275 0.12439059401911438
muK:0.008025384982249199 0.14436620091867378 0.054271863906405 0.1857141681268921 0.018589392968258896 0.08420577965014014 0.06082260636579725 0.09134066705550146 0.04520933887700506 0.044178136015358443 0.180989866580537 0.08228659455318173
UU:0.058688607310196865 0.032267770489863755 0.09595960506979909 0.16725525223651894 0.05339883354891095 0.20567752920845292 0.12487644528302308 0.020579012059987155 0.09203942551596708 0.07058130237802283 0.012703621182217207 0.06597259571704014
FiGL:0.15177099912109723 0.04363010213813017 0.19041055107365285 0.10289834327170395 0.06724961157760383 0.18197899497580017 0.040604263600644994 0.04406072964756794 0.03901925712674675 0.03997065514912669 0.04542737401492873 0.052979118302996626
s:0.11840341407967934 0.14759557605612547 0.05788666092735876 0.27856852778109187 0.020839958975861526 0.0555434858945567 0.16325718819137391 0.06576071325396826 0.04952509126922865 0.011170234130572335 0.023866327966775448 0.0075828214734077175
5
NY:0.0645002252350867 0.17685200215451083 0.19077858909980436 0.05126854789068921 0.05685392720970043 0.02344905465900293 0.01479422468031632 0.031296435841708846 0.19482763681187723 0.10647811362667106 0.08741073878666801 0.00149050400396403
Bz:0.2741954021625699 0.23878002497547313 0.006143919804803119 0.05303179158275667 0.0016993862803906274 0.013379127531014733 0.16848011066311533 0.04418633237711164 0.03633394581322658 0.007268297047315003 0.1283319863595796 0.028169675402643514
rEqyu:0.141878178629598 0.05380931947774575 0.025246215654697632 0.12186469933398368 0.023434648614665612 0.022282189199898297 0.00014027021990647206 0.18714202027776483 0.0027522578509057787 0.27915886647332816 0.12001729006392334 0.022274044203582425
WZi:0.06370260525251 0.07294791790298107 0.03619365248733275 0.06463973109914369 0.008267344059261517 0.08145325554730402 0.08349785658066064 0.031610768591590094 0.23728182627558567 0.14701366621491574 0.16778606846112953 0.005605307527585346
dB:0.014391390643394104 0.136208828287605 0.0019691781693022834 0.2806135095460321 0.11512766940382242 0.013127954026718599 0.0484722690514565 0.09353655923814425 0.013520128133978612 0.013546251176822484 0.05145531781044734 0.21803094451227645
all-terrain:0.04605334773972685 0.0596106192955013 0.0018383415808830687 0.07787275880690286 0.03771385783664413 0.3142695607385248 0.13594785296798997 0.016514768523789997 0.051373546198999205 0.05381685238139583 0.19592798981353082 0.009060504116111059
mud:0.2025944649802724 0.00036575655830989713 0.05883485694925819 0.04026923888797729 0.14944444375911875 0.0669723396764516 0.0015667862111044249 0.07687322232762009 0.14017626611425632 0.1791245423671469 0.031058506006703904 0.05271957616178002
low-profile:0.02127547532387873 0.06706347357834638 0.0457997537158798 0.05460169595578972 0.12133207659469902 0.054505218429647694 0.038162476196212915 0.2133352427690415 0.08999701629850666 0.1634211684556484 0.054669375772090814 0.07583702691025843
performance:0.04415116223643703 0.020176192762225813 0.2247027636049046 0.03530185119175663 0.044028168394272225 0.08993608959748885 0.039112375739174726 0.04901504359444176 0.08366920652318963 0.2575343480939809 0.06688598643357613 0.045486811828551854
2 2 4 4 6 7 6 4 10 7 10 1 2 3 2 2 10 1 6 8 4 4 8 8 5 3 3 8 2 9 4 2 9 6 6 3 5 2 1 6 
0.11721483742059252 0.009028542149770329 0.005820287403924195 0.37884798223509397 0.158207210394985 0.008226705617141818 0.05085250347716611 0.2718019313013261
