4
0.616 2 7
21 63
dirt-straight-flat:8,17,
dirt-straight-flat:1,5,7,9,18-19,
asphalt:3,13,20,
dirt-slalom:12,
asphalt-straight:2,
asphalt-straight-hilly:10-11,14,21,
dirt-slalom-hilly:6,16,
asphalt-slalom-flat:4,15,
5
dpOG:0.009456769501073103 0.09670611150120581 0.15770762331506277 0.08614080536592444 0.0020907624685484022 0.1594285877693346 0.047926284773494754 0.018181611247398834 0.07946070482578659 0.023551025436848224 0.21053406958702228 0.10881564420830002
Bd:0.040936021540595904 0.058582116225023406 0.05495000957270841 0.005244834498352993 0.07904390273511389 0.16495964507882271 0.17436118877599743 0.005644111242848964 0.1570287809729245 0.02639456341326237 0.050211050626699935 0.18264377531764941
XNP:0.26566640766660826 0.0072755357041119914 0.22277421380030102 0.027161485232862093 0.003088013269197398 0.081203338746557 0.01681037020229528 0.053404199017938796 0.061709886878906973 0.1376681396347421 0.028203113242082623 0.09503529660439658
JB:0.18735722411639036 0.282135848644286 0.10016486227121223 0.0013794768291800724 0.10636143623153553 0.024949969076820153 0.07785935643003673 0.04883807617335214 0.015187863470209692 0.06579651952290759 0.03709918066440337 0.05287018656966594
g:0.1787495013503755 0.1407474606676814 0.11331185102015787 0.05876502653678655 0.09326315426660645 0.014604855714223004 0.048543972679053526 0.12408529321827337 0.05152310590926365 0.007544462295602278 0.08285665340432713 0.08600466293764918
5
shY:0.0858515436483927 0.040930119720766864 0.2027160486428734 0.0135640061487429 0.0006746902827206493 0.07753370184393185 0.07659931534046407 0.06154565147229927 0.06184043415569302 0.08531169363837389 0.25521254091718715 0.03822025418855417
f:0.09380550900804563 0.024884732206719242 0.16147090049361412 0.08267811242366366 0.006169868535593493 0.304662382418872 0.01057959383362241 0.08021920858174555 0.003281960740335239 0.029885193059151063 0.027490574886437493 0.1748719638121999
KUE:0.09734534290221564 0.07134227463212037 0.11000332849137327 0.15306463264849296 0.03437458616466818 0.04099142007382624 0.2512368766880717 0.05662488433692952 0.006318155377212207 0.06513863764543554 0.06739769876839993 0.04616216227125462
QhF:0.048257821719836634 0.020970067454859218 0.20348307147539121 0.006666116223003779 0.049966278696020716 0.14709374963284327 0.009147623733652929 0.2983240286348404 0.04466320781346496 0.07103972698401807 0.0680665887119031 0.032321718920165776
tiOm:0.06983318410798464 0.007445411969322368 0.0648512804725779 0.002602291212966355 0.009182358799033707 0.15657092224179758 0.01873450425954869 0.1602806355248874 0.3132674191402478 0.15335234422146954 0.030947196282226554 0.012932451767937628
all-terrain:0.0284482084602761 0.038331607444361336 0.05833150942550901 0.014323007998374096 0.043946990891658384 0.26844159344904545 0.13986876183883498 0.108679283157828 0.05624918675779693 0.03652457995449564 0.10596440031092764 0.10089087031089253
mud:0.35965947543272647 0.2169543943935396 0.024342070311447916 0.028426951214702463 0.0501745695419097 0.05239883376707643 0.012725218803613866 0.0976077596755031 0.018640960377251232 0.07794009733924896 0.04668871898829573 0.01444095015468423
low-profile:0.011431408939843062 0.0021543060161154826 0.10247803326587365 0.07860374981947951 0.17799605163361099 0.06053866424925613 0.1100767914615803 0.149881182811636 0.06275381401889192 0.0370602391495841 0.19916374376548168 0.00786201486864718
performance:0.03293329848575023 0.047332677084927326 0.06097398918464521 0.02244030352197341 0.07220871113906488 0.07452204915017531 0.1718279939998225 0.015251006306514072 0.10736523308652379 0.07902417769410626 0.223804214750606 0.09231634559589087
1 6 1 10 1 8 9 10 1 10 3 2 7 1 2 5 6 4 9 3 5 2 5 8 5 7 8 1 2 6 3 2 10 5 3 2 6 4 7 5 
0.10668790124840676 0.22107870292071644 0.2833675295401086 0.0403866478861068 0.008352585071740986 0.23765375737824368 0.09075969809790711 0.011713177856769692
