4
0.758 2 8
22 66
asphalt-slalom-hilly:6,8,20,
asphalt:3,16-17,
asphalt-straight-hilly:2,5,13,15,
dirt:4,19,
dirt-straight:12,14,
dirt-slalom-flat:10-11,22,
dirt-slalom-hilly:7,18,
asphalt-slalom-hilly:1,9,21,
5
VelMP:0.04532799837746631 0.09433155592922611 0.0038724143845665685 0.10789118102161915 0.2643130405901898 0.022555077785310077 0.13945941982180593 0.07167355126968974 0.03310496606137166 0.13325732994758432 0.0568602030440305 0.027353261767140202
EqoL:0.012868784095224904 0.031006620608241667 0.09639739068326966 0.048994585733093315 0.2803926491301255 0.11759577646758045 0.03950142175132554 0.024188069770122098 0.07197932491169409 0.13327263740085774 0.022558934005884095 0.12124380544258093
Yj:0.05237984357289808 0.09273821983542092 0.13245620507942293 0.017890956043335675 0.019759545517358867 0.11204624879191308 0.12767426451107822 0.07601347911874103 0.21728362710428858 0.08734867688242769 0.054453521516087615 0.009955412027027256
vhclm:0.030212590060603315 0.09873064122809105 0.020249997720256468 0.05134382509568135 0.06392000544811478 0.05882069155638015 0.025508195841096714 0.16897124465392388 0.24415088267005766 0.12592900117878714 0.06298281661829239 0.0491801079287151
iCB:0.004423102359357833 0.02231710923972856 0.17941873302358977 0.06317822710581339 0.00908197126039575 0.14081744574314042 0.02728400513817336 0.06251085482977928 0.005851646403273284 0.23485426716177005 0.18622527484468765 0.06403736289029076
5
Pr:0.02473095044922863 0.016295942289770864 0.10624802550448613 0.048899111496142234 0.0786439033552285 0.01413195529955331 0.03477016416432476 0.1296573261288589 0.4014513944091737 0.09754063018865058 0.014572797450880347 0.03305779926370208
LZNF:0.004118280157246543 0.018496794121831764 0.1333084517577087 0.08781706752376867 0.03421211473082456 0.04667290869305601 0.18121112326437827 0.08676171206629306 0.11282930077395817 0.2225660792366747 0.07184025218407927 0.00016591549018032137
qxlB:0.20345835524409941 0.08987512889397727 0.057076533879947815 0.0613850621676604 0.027767762383348854 0.1908960240243758 0.043448911126275296 0.013182181046781098 0.20142720918253873 0.010471516229942404 0.06851342284842396 0.03249789297262896
w:0.05232591740545961 0.06271750375208834 0.15212568550098957 0.02859627811384694 0.07083740499848777 0.1214955441426288 0.09286056330350126 0.0935128516165507 0.03858955432825759 0.012793540210829027 0.10301212161171912 0.17113303501564112
my:0.20110940575976316 0.028996571530960177 0.0015065383833920303 0.05550514164847839 0.06391695431123785 0.03804476560971602 0.07494868396802716 0.1126108148491942 0.039044622314517316 0.03745818311956877 0.14136983495056127 0.2054884835545834
all-terrain:0.08531772421326993 0.02212085358436662 0.0770447420886606 0.011320271884991058 0.1370941998995809 0.11643328398070615 0.02809630870753479 0.1042631879058384 0.06840229915209461 0.10052846582197232 0.17141214339893218 0.07796651936205232
mud:0.08560010613061483 0.009832140641224634 0.11151184270803251 0.28442112286023047 0.009688146843016656 0.15412836392272553 0.17563812642312965 0.003034343078938061 0.013613802547447405 0.10552998779059915 0.0025255792371939303 0.04447643781684732
low-profile:0.0028527190258197574 0.017657519800392776 0.06452007717992647 0.07542057786386709 0.09628574263935341 0.014772147684136698 0.06374952007634371 0.22445836066423733 0.01693634513174761 0.26046535353523725 0.056504637931942 0.10637699846699603
performance:0.16607535659475975 0.03132021296173121 0.12282422008927558 0.12615568750238795 0.05293097388821842 0.09306766332783191 0.09949732488027688 0.004748867282045042 0.0769639638999071 0.16468219344336854 0.046946127115008694 0.014787409015189018
4 4 10 5 10 5 6 2 7 8 2 4 10 4 7 3 2 2 3 5 8 8 2 8 3 4 2 7 5 10 8 8 3 7 1 6 10 10 6 8 
0.377969006217426 0.04899717531699776 0.1004874440477849 0.04887619705293505 0.1875647251001264 0.06674766755256709 0.033912437018251806 0.13544534769391098
