4
0.831 9 7
30 90
dirt-straight-hilly:2,
asphalt-straight-hilly:13,15,27,29,
asphalt-slalom:5,21,
dirt-slalom-flat:8,14,17,
dirt-slalom-hilly:11,16,24,28,
asphalt-straight-flat:4,9,18,22,25,
asphalt-slalom:1,3,6,19-20,
dirt-slalom-flat:7,10,12,23,26,30,
5
aUBsn:0.04611391411495673 0.20391727296075401 0.04491822624857253 0.10632151177467646 0.052997296759436964 0.039896102006924894 0.03431850047293985 0.06920092539044628 0.04242103414238555 0.2658051534918398 0.07570683284715943 0.018383229789907505
UrSI:0.16380363490184602 0.1107314011773606 0.0716896349159805 0.004069626208488065 0.013767819283900865 0.03591426771873111 0.05995310328382726 0.05774802458787643 0.12929987688109323 0.14540420059952355 0.07885220601916618 0.12876620442220654
Y:0.028199661548777236 0.09180421752303666 0.24630464898112264 0.3496521555810102 0.028630913967167167 0.03206201962852212 0.09415229096517873 0.056696915321299966 0.004590506676810123 0.0336882097794973 0.007982961691420144 0.02623549833615778
UogzR:0.008997852940905219 0.18052862269147266 0.14274845764579322 0.1619875485712332 0.014808358948522435 0.014989577719915933 0.11635357078922895 0.019040182439665165 0.11022795812264445 0.16111849947759763 0.057410726557426225 0.011788644095594786
cw:0.0014213748995322696 0.02486818162156657 0.11186989258036316 0.08272032636851105 0.10205243410273761 0.08857734792807345 0.18746598203011042 0.05422010569685808 0.061373562115519885 0.03899204724295248 0.1875556201002709 0.058883125313504106
5
bNT:0.13578193430031577 0.036768025946828396 0.045221669189156335 0.016283771720500804 0.040245158906096604 0.07510973265729222 0.006303129044062984 0.036760828074586936 0.04596017505995054 0.07587098198942152 0.22710303465248236 0.2585915584593055
hDYpS:0.07879092384741626 0.23693622161091601 0.0665993905046445 0.06450388111461411 0.10063745277298822 0.05341475612552606 0.04254135225150945 0.07526549895752865 0.15511829894792478 0.005322952599425938 0.04871706729542981 0.07215220397207611
XA:0.001622890295061786 0.12444959782313604 0.09521074866416769 0.2073199828820541 0.023312735256301637 0.00094952947999489 0.021525060851079164 0.1139578696527262 0.050622673178132634 0.08088873857924372 0.18188919319252375 0.09825098014557862
xHV:0.34377679619547097 0.02331388618144862 0.023035741654440656 0.16724687221896722 0.03422839998262865 0.14100699930866914 0.028134627489610466 0.02491012404433595 0.0513281037208596 0.01341249044767712 0.0036470971209966166 0.1459588616348951
J:0.3525904108607229 0.1357696186984512 0.1578329565356565 0.04890168435631213 0.02470282106559705 0.025787557839144947 0.012623520353368717 0.07220593047516174 0.015291432522051255 0.0745133316412715 0.0038144903469569343 0.0759662453053052
all-terrain:0.17193046204326654 0.2983644812711324 0.04048091854153598 0.003024823297053333 0.022582003261859458 0.15744832791239943 0.12518252833355217 0.0013042687352726617 0.005471410670737114 0.08530568593527889 0.02394305134817678 0.06496203864973518
mud:0.13698949608291772 0.005452182372550682 0.016052855981886063 0.09289469348940185 0.08771108932617383 0.022761548834516882 0.05723926755148667 0.30326564160426805 0.12808982070689556 0.05973104862447633 0.028665124825421752 0.06114723060000452
low-profile:0.0741421865311196 0.012137717748777373 0.16773428587297232 0.010581347993004002 0.19635122863954335 0.0869773941004824 0.131382566437673 0.015147164077986736 0.04583586600282561 0.061996741390701764 0.05383659306966167 0.1438769081352523
performance:0.032485779643595926 0.14790900112732405 0.03428804646111978 0.059555452665608015 0.0227094978647093 0.0020575873941795064 0.06425487629800021 0.01870090938717545 0.09241656669369212 0.29369579297880927 0.1916748212475139 0.040251668238272545
8 7 2 7 10 2 7 3 3 3 7 7 4 3 3 6 6 3 9 10 9 1 2 10 5 1 2 4 6 2 1 3 7 5 10 4 1 3 10 7 
0.05413071885091111 0.1051793949780274 0.15439825601473184 0.07893030381825138 0.15597687161470436 0.048408346821256984 0.31558814395139734 0.08738796395071953
