4
0.709 8 8
12 36
dirt-slalom-flat:5,
asphalt:4,
dirt-slalom-flat:11,
asphalt-slalom-flat:7,
dirt-slalom-hilly:8-9,12,
asphalt-straight:1,3,10,
dirt-slalom-hilly:2,
dirt-straight-hilly:6,
5
XFQIH:0.08796951975927382 0.00771987486641082 0.1089167636342058 0.04203881179943276 0.03238013524509786 0.06159523426376201 0.20466252473683266 0.003587525784046295 0.2104715618997963 0.07529607612552117 0.09265080413286761 0.07271116775275296
PrJ:0.012616158818859535 0.1284286563789914 0.0323746794667199 0.2392033416146724 0.1039976914281417 0.040235252826829854 0.07476754338195381 0.1786159835484023 0.10020673986780117 0.052424723765772153 0.018339240916320176 0.018789987985535665
Xl:0.0746691705795789 0.005731623019349589 0.1741634363548362 0.0778302851036662 0.03251967872658678 0.05985907302457102 0.03526330275428806 0.04733485536633523 0.1788417717925768 0.08151197258939541 0.08530849632380298 0.14696633436501305
O:0.007403329637226744 0.16579517165482544 0.0188796049917527 0.06823055902169484 0.14766681361558323 0.10643314487126733 0.03230882691235108 0.1223867519843493 0.23935594553027148 0.049954945110044224 0.004943040227429504 0.036641866443204045
gII:0.013796226161866718 0.027439353215676462 0.04263655228012428 0.06740577740031065 0.0027147829261753667 0.027266938656718854 0.15641709336879212 0.2684865164430441 0.055380671199093505 0.11400876540915791 0.22406004202934893 0.0003872809096911637
5
heSyL:0.2591732606945232 0.12129435680438119 0.06656900047460271 0.0047593394415320536 0.0034580916136551986 0.13894928477608653 0.05008881978755495 0.041283032597295904 0.023496266085802412 0.10456542495915963 0.049031833010053476 0.13733128975535264
cuC:0.0016616052775434524 0.18208137250231493 0.0033180608382885734 0.005860942433215375 0.0573268513428744 0.08532325526008462 0.017764911518388094 0.21584539693308166 0.1512874846920748 0.01812229841626393 0.1545193170846847 0.10688850370118547
ylMNJ:0.018156314012995882 0.0425389269268717 0.044677269852920476 0.11452056792981212 0.05097297016896689 0.04023377500332113 0.11758012772668719 0.07740928287492285 0.2971387708894006 0.03969213781747715 0.05093143060870903 0.10614842618791509
VFuA:0.008464667906068243 0.015490947722069145 0.34317423566847965 0.008208423276994947 0.0388232683946436 0.040639146948151905 0.0052480061819854635 0.004408754174906187 0.08118122029816173 0.2775149706610587 0.025233583271698185 0.15161277549578253
monhK:0.006634715845476299 0.07555314667773157 0.13450760973909112 0.006695737035000627 0.004793719924023598 0.003951630285014922 0.02675673362913996 0.07682293810535289 0.01579533257219309 0.11657602663539678 0.19688582666855273 0.33502658288302645
all-terrain:0.11173412416909453 0.11989744216313188 0.029414399062595582 0.028857380322098232 0.08537029572282931 0.08802751227571357 0.07094555914855802 0.02745519119111984 0.25700951841264813 0.14051729873540206 0.010341300473516672 0.03042997832329217
mud:0.031124435723927 0.0024498262824761046 0.04829966337027518 0.16687767096885325 0.15877320211646037 0.07635151507158598 0.16067518766634642 0.018625537126349023 0.10331444209681918 0.15159911510985014 0.06737809915341228 0.014531305313645278
low-profile:0.4497163484861268 0.005237293508409788 0.08278460309105021 0.029162160197929617 0.005386097375433691 0.00405486623272677 0.1437514795132403 0.005519993255859154 0.08557019279636588 0.08178134207524097 0.0454117148193383 0.06162390864827854
performance:0.07743074270892072 0.03980922087795346 0.04970602145608881 0.15427230051945384 0.03911735173038327 0.07542792979184317 0.09989158136034419 0.00196338616404462 0.05853136653112606 0.26765185792699825 0.039710470901227 0.0964877700316166
2 9 3 6 8 9 1 6 1 3 4 10 4 6 5 4 8 3 3 2 10 3 6 1 8 5 4 7 3 2 9 6 6 8 6 9 6 5 1 4 
0.09109668524749892 0.09555250552367052 0.11460197749574057 0.07482476547245322 0.1939621661244586 0.09482031014075099 0.004724427562277824 0.33041716243314945
