4
0.828 6 5
30 90
asphalt-slalom:8,10,16,18,25,
dirt-straight-flat:3,6,22,27,29,
asphalt-straight:1,7,9,26,28,
dirt-slalom:11,13-14,20,
dirt-slalom-flat:17,19,30,
dirt-straight-hilly:2,4,15,24,
dirt-straight-flat:5,23,
asphalt-slalom:12,21,
5
xbhf:0.06802907098993193 0.24507300537041274 0.1065166674829512 0.004170762972238066 0.013029149780058043 0.015759981212431697 0.14728764733793287 0.013705866290499824 0.08128170195216991 0.2503104946239675 0.01662100200661705 0.03821464998078913
fScy:0.09253418036631743 0.030172886809808085 0.18822249345008218 0.09223656236123481 0.02424973241160568 0.14913059478881738 0.0013532839016233101 0.11208554009794568 0.021274322268973106 0.12661233256283502 0.08738400830718246 0.07474406267357474
Kj:0.11571445267624092 0.09263307892492438 0.13570271714506268 0.041948564946985796 0.13338876330879204 0.16939440900682537 0.10905437746893465 0.0066627328864752216 0.01379263336993029 0.04941446125100153 0.05817906333548941 0.07411474567933761
aVs:0.124019345587065 0.0881622834441978 0.020083915157566173 0.031425323232183465 0.018830049610435114 0.03370316166430128 0.20671201786666035 0.0463411089132522 0.07711738563133924 0.12605191830017215 0.077879182673258 0.149674307919569
ETaiG:0.0004147343697813739 0.11586066581538661 0.0312245258960347 0.008038947471765872 0.2783339985800566 0.03025443894643364 0.030650508836098607 0.15805227073295994 0.029137053649850198 0.2585518027656444 0.013165205704187511 0.046315847231800586
5
psJH:0.03420726990871458 0.06399450685974632 0.048498602783407944 0.034044641859074076 0.08147827513302046 0.004991134753612889 0.15802589716003856 0.3354549959110558 0.2039441595028082 0.0003835891395569804 0.032530485335344514 0.0024464416536195337
OKO:0.09140177445695188 0.18800045046970565 0.2071420572002017 0.024846442369364393 0.029326353534220296 0.002114484553901887 0.2030958438754223 0.06487814014268138 0.0641192898385423 0.007137878709940367 0.09270887902226219 0.025228405826805654
jfPGf:0.011330719982333178 0.13448051115187534 0.02336273925234391 0.0016980803904532793 0.027951404954185383 0.1116195069601141 0.05091037673313783 0.08843803026486115 0.09704149154375824 0.08908913370905912 0.16257227250097575 0.20150573255690252
LPrQ:0.10980777195879897 0.039635519242740745 0.01528899565472459 0.22110560186957265 0.2210693376006 0.03571262838550952 0.06933088139422049 0.09797723761294216 0.026510108845610673 0.025754548390416167 0.08177098930127326 0.056036379743590804
gXEVA:0.08867099939233716 0.042144534162961225 0.01634775532743076 0.018603714026332003 0.12860647141262996 0.019254794882617735 0.38403738317229225 0.01963819591720104 0.00453070952591597 0.03469484126163901 0.004893850590139899 0.238576750328503
all-terrain:0.2738270159007744 0.020490016451012817 0.06890511628149477 0.048882471546353216 0.037779175956007396 0.20603024964171637 0.015660121738636762 0.05111321325530335 0.13620097144489254 0.12093345998625657 0.005390750867124869 0.014787436930426685
mud:0.040360143803945044 0.025198242632926884 0.11196863161445096 0.1188816300102656 0.10416018038157969 0.026145044589378025 0.019561198512108236 0.032049875293131316 0.05775981407119953 0.3121038264303402 0.09525652191753163 0.056554890743142947
low-profile:0.07436956686537731 0.05275241951652432 0.30189502093880455 0.08533056181776623 0.07437889892824032 0.10056495936491494 0.01769577597483062 0.10659776941017662 0.022326840538652484 0.018376652219001952 0.032717837887566 0.11299369653814462
performance:0.02458696214714935 0.06041911325145249 0.030266204406943914 0.020959451785623095 0.09685965237711888 0.13867912615618025 0.2115588735597119 0.11204039319672719 0.007248205035767328 0.08571282630359851 0.14296277965821083 0.06870641212151644
9 7 10 3 4 1 3 1 6 5 7 3 10 5 9 9 7 7 7 1 4 6 8 9 7 2 3 1 7 2 6 1 1 10 4 6 6 1 3 7 
0.08920940603176777 0.07784588946717254 0.06905814895071077 0.3920450026596827 0.09996775793346313 0.10787896204308642 0.09942192777077116 0.0645729051433456
