4
0.602 4 8
14 42
asphalt-slalom:7,12,
dirt-straight-flat:10,
dirt:1,8,13,
asphalt-slalom-hilly:5,14,
asphalt:2,
asphalt-straight:3-4,
asphalt-straight-hilly:11,
dirt-slalom:6,9,
5
n:0.21955849088125912 0.0963820002671857 0.0651550386839341 0.014554556888209247 0.050200617581188274 0.041913561958298144 0.053121604047901866 0.02104035042617555 0.2609343673098082 0.08158191161009219 0.01804527835212861 0.07751222199381894
AH:0.007199842243830957 0.008046549721517117 0.003870201176439026 0.27693688786251136 0.1733626741197053 0.03223863037973828 0.11874152792394989 0.23011263304472399 0.07872053535274515 0.038150041681965854 0.03044176869001586 0.0021787078028573685
D:0.03700264158238785 0.18785614848201376 0.1138267906216122 0.1724443453916927 0.19307948274410386 0.08017512750520686 0.04341656911746118 0.003032863739876309 0.0013950048148794949 0.055184171264130964 0.1047955272364192 0.00779132750021564
u:0.0544106443245976 0.04478006410245136 0.11896509263278215 0.033395819887921424 0.04161629167406031 0.007753455463697225 0.012477333197937123 0.23663718853982205 0.009097059060233911 0.047297955545529756 0.380253588105902 0.013315507465065105
ZUIb:0.13853643646741384 0.10789786007661388 0.003328955441301517 0.03597626862527653 0.01033360367024295 0.08822531628660862 0.0026368659052215175 0.2014652915384854 0.02522315990345707 0.16588252186575375 0.21482249651466356 0.0056712237049613935
5
mVx:0.030525748887125576 0.07236647423912525 0.08042279696148637 0.09173943754408342 0.05753415070994149 0.06582682714475964 0.14971543172469653 0.1453610147805474 0.02307986769438458 0.04793668989670737 0.11258040027748262 0.12291116013965994
B:0.10369908455431123 0.011166778126153862 0.09709396358146145 0.14270351206343415 0.011229826672917874 0.014595273723619615 0.060605203985808494 0.06460184931553753 0.25651780799136087 0.09536374318503776 0.04837858085456341 0.09404437594579386
Yl:0.030426302014548188 0.09803675502392352 0.19131235366425242 0.08072401553128085 0.06031257711863014 0.025497953040767636 0.03590068518775574 0.057352495235464165 0.010254254110634723 0.06476055123549763 0.11606884088940256 0.22935321694784236
yARvO:0.030117706146538064 0.08554314658579854 0.17013545570825894 0.11953723530504565 0.020088188827819934 0.0603311591154088 0.08760023797357623 0.12122275761552338 0.09326485613716791 0.013217264437375581 0.14549169925105584 0.05345029289643103
Pnc:0.21494743161893337 0.07815970555022023 0.1243334340348385 0.04233016009444663 0.07294983958215626 0.1489071052780484 0.08279860881371896 0.032394003424934474 0.06977414535327034 0.04432090906578166 0.001998335826186031 0.08708632135746518
all-terrain:0.10615443412767228 0.14968833354612052 0.1402638256769836 0.1328155230843557 0.0012895501764811812 0.011564184285677173 0.03696584088408321 0.10945765066825196 0.06211305139319127 0.15709715032417693 0.08757446204399844 0.005015993789007609
mud:0.09805708539982903 0.09773119118901942 0.0025421321419392654 0.05104327049592577 0.11410886248662892 0.023625374203276994 0.02812963617166322 0.045953780293531796 0.04278317470649361 0.25964816050666994 0.1920513585659905 0.0443259738390316
low-profile:0.07517596612403683 0.08964046133809517 0.09435585018442175 0.21882186486235328 0.0061409948812803615 0.09960314015723166 0.10891771002359453 0.0218625637857463 0.08706449576379853 0.09152781998132693 0.10405903614311665 0.002830096754998086
performance:0.008567654064496012 0.05014345076182134 0.0625717133677297 0.1147454300636506 0.022645578773178854 0.26008736614837896 0.05695571327863959 0.13703462228265326 0.05085426869695647 0.07900133825793874 0.09284511024806717 0.06454775405648921
9 1 4 9 10 5 10 1 3 1 9 2 1 4 10 10 9 5 5 6 2 6 10 1 9 6 10 3 6 2 10 7 4 5 9 3 2 2 9 3 
0.22254626036652964 0.0109686065749104 0.012676210543539559 0.018978377317498442 0.08157462550129038 0.3651528881960412 0.06129424104420691 0.22680879045598326
