4
0.920 2 2
12 36
dirt-slalom-hilly:1,
dirt-straight:9,11,
dirt-straight-hilly:10,
asphalt-straight-flat:2-4,
dirt-slalom-flat:5,8,
asphalt-slalom-flat:6,
dirt-slalom-hilly:12,
asphalt-slalom-flat:7,
5
Gyu:0.011205592328070656 0.11561791850157412 0.11194894111096897 0.01328789728138275 0.25066775554036563 0.06947698037460699 0.0661402652087603 0.0088085351009018 0.021160695619699705 0.023755124768703926 0.05093594513239315 0.256994349032572
M:0.06270181437207008 0.04352161702452713 0.18563393198662836 0.11557529063469106 0.042932261338263354 0.013912650596638893 0.10234176645392389 0.12853789004116759 0.15331655648434842 0.010087449210014534 0.1335566524818836 0.00788211937584282
c:0.10580873627277253 0.12679954165366145 0.014275263089870692 0.08799132038951446 0.03722148833792605 0.03907295685405606 0.01815006144035411 0.05308094581728885 0.00976645625407565 6.88743462801879e-05 0.27142859008957126 0.2363357654546286
Q:0.014427234979458721 0.01341757360304009 0.0024017191545309393 0.013343776092640775 0.06975243391651513 0.08562318282764693 0.0027461159776428073 0.052277005648274436 0.33627808576842944 0.005271879707748714 0.09083592115380891 0.31362507117026295
af:0.04068624080594023 0.03692924170943586 0.07761786462409892 0.017067383091117057 0.12506739692297117 0.21666077148775967 0.18932187880502738 0.07074186883702896 0.0006048525117939 0.013591361265130848 0.033294097899370066 0.17841704204032605
5
g:0.07503733229553922 0.14147041188034945 0.018335343676431727 0.003960144209459834 0.019376185817121604 0.17661727367855903 0.02522258143599134 0.150083831334935 0.020564195585230895 0.1327384780952775 0.16966217989601381 0.06693204209509054
pkil:0.09922163205873577 0.059437836237519505 0.028372523487263962 0.01040252132579726 0.04497743781931684 0.24607611346310476 0.02708676905432371 0.06251060635573143 0.21575692694481036 0.0395278036117835 0.03369884142572914 0.13293098821588356
nfmEl:0.17905671636334694 0.12509281766990163 0.026164586689870612 0.11209593996814493 0.011518730076145086 0.14188320057401507 0.1367529212725215 0.14889185646733016 0.06887820851459818 0.000976822968585104 0.01932823969293909 0.02935995974260172
RF:0.07379054579730278 0.028530811514820283 0.06044639724881347 0.02186004250000402 0.02269940496904798 0.28378891705439224 0.011642220678108989 0.05776575414396112 0.08080088355173641 0.08480312142151444 0.24994286459998558 0.023929036520312703
z:0.0001784330078845305 0.054956968407989804 0.003684257288105435 0.1112535526778281 0.06336887143723312 0.22344548090132776 0.023184598630705298 0.02176571052039524 0.29971958753025935 0.1377142002151555 0.060347575131232324 0.00038076425188360833
all-terrain:0.10781095731996333 0.14116321223342396 0.15724732102224792 0.029343163232056445 0.142274982406585 0.060413195869194705 0.04626779927774347 0.01771515406929411 0.028345999698122716 0.009121311538903592 0.2470536253201768 0.01324327801228796
mud:0.08750192607461184 0.14017783344455756 0.03290710344644332 0.15367060735297866 0.03837349281987878 0.010665416817880658 0.04050415215984456 0.29346766421695114 0.02670886520799328 0.05226257802794341 0.0038025359481547575 0.11995782448276207
low-profile:0.07456364355081252 0.15386502853552594 0.019719642780979665 0.06985573387686064 0.21557751027310426 0.019604327017666377 0.010573106488539857 0.12193630159490833 0.01608734226525134 0.1457684079270426 0.017434147634080535 0.1350148080552278
performance:0.04200482966228729 0.03947170419058402 0.025458950317451438 0.06247731238559026 0.12513576085799066 0.0932196962332874 0.050945654777860956 0.17250079061095774 0.013284367633246332 0.2407054164497909 0.06117185637229585 0.07362366050865721
10 10 9 6 8 3 9 3 1 9 9 7 4 3 5 4 5 9 5 7 1 3 7 4 4 4 9 2 6 8 9 3 8 7 1 10 2 4 2 1 
0.19457933465120575 0.17347413991480118 0.41514129172046865 0.02794402451959482 0.017058709452214934 0.004660174912913044 0.11141762629278214 0.055724698536019385
