4
0.657 6 3
26 78
dirt-slalom:13,19-20,
asphalt:15,
dirt-slalom-flat:2,24,
asphalt:4-5,9,14,18,21,23,
asphalt-straight-hilly:10-11,17,
asphalt-slalom:1,3,16,
asphalt-slalom:6,12,22,26,
dirt-slalom-hilly:7-8,25,
5
EHIBT:0.1351422987272573 0.1319563998732189 0.012302358006815143 0.027999582759141557 0.0853151638171179 0.05033863019203372 0.02629436380535149 0.07045229932901605 0.03658549997700082 0.26337257108749307 0.09171346775955251 0.06852736466600169
QKpt:0.08036553235820501 0.08076988781689184 0.001410494664065267 0.06733881485029974 0.02330295983210759 0.02589018845017736 0.17374278159555884 0.0674289923456051 0.04975455273486848 0.195612381383388 0.027007778276967136 0.20737563569186573
kHH:0.04649840881967416 0.022695991761315506 0.019606504616070757 0.29032135353443783 0.03819418067350759 0.10171351531163494 0.009929889716914574 0.12465389442680722 0.14684530077965652 0.01862866310952206 0.08267810147238551 0.09823419577807334
nX:0.04926773357116759 0.02910279852950442 0.21401103847423547 0.03737087019972913 0.007779281217788684 0.28200472273547167 0.02559400212540743 0.0725346294824801 0.08075467137379509 0.09999140250177424 0.05001499970756027 0.05157385008108595
Pg:0.2508572044735084 0.1546413287673681 0.06613231868775989 0.02995732621968258 0.05013304541772125 0.030356756778085373 0.3034265721522398 0.012877177777131644 0.007082915373754477 0.0189501140237303 0.035671343375403876 0.03991389695361429
5
UFdfM:0.01876314780499595 0.14080412356798597 0.07766186639865794 0.03341476680489096 0.0192219984624903 0.16633474145048438 0.1851057701123492 0.06543989313172176 0.10971097475491329 0.08387977104804133 0.027176615257149116 0.07248633120631978
o:0.08528030823333684 0.12115864711082525 0.0068713807493244895 0.0561894633568597 0.02447026399222796 0.032595966337875024 0.12034169519046493 0.12938133587834788 0.14829410681877386 0.048360336908879496 0.03710090002862439 0.18995559539446016
S:0.1615869435405069 0.15470479599881043 0.07387131297222463 0.036252176978106225 0.02981811244221759 0.034832893936301706 0.048059635474870695 0.04953041398662221 0.018337029273833946 0.0973716449075374 0.2072222428314931 0.08841279765747521
rM:0.24359989946267904 0.017154800569195123 0.0317005337301534 0.0076536942156745 0.041822888799626916 0.052320021046184564 0.12256900508031861 0.017669274614075317 0.16836542061732357 0.19555683623419162 0.08152758715240456 0.02006003847817286
MOu:0.022392340501722223 0.04211039751773952 0.21496531572032987 0.03700957817016909 0.06296933910823177 0.03238626850573536 0.05190868225023004 0.2245105181968876 0.10169462634570489 0.07869414427026264 0.063955181105193 0.06740360830779392
all-terrain:0.183681419777561 0.03715694856594109 0.0887312496490233 0.2217833105004515 0.013147353432072201 0.029402261491942087 0.027533557865919295 0.1491178725522003 0.16931222195044063 0.032832111265154645 0.016266611429884538 0.031035081519409456
mud:0.06278222168478043 0.19035637644272627 0.03579476802953963 0.001561940963238838 0.19673779713742628 0.19600933734357254 0.08759581351804112 0.12131914241407889 0.04951975335418695 0.027020973103706814 0.028133374087816156 0.0031685019208860317
low-profile:0.10441351931220397 0.03459854641744021 0.20795354768882712 0.02820375426970283 0.23926931610391206 0.03442607357598236 0.05564698729767176 0.1963419471827112 0.03492178401965019 0.015990530201468196 0.018608189365796855 0.029625804564633307
performance:0.08449534213982031 0.11646188395712587 0.0643226561636028 0.00731656773077806 0.044093408223387476 0.07584937906448991 0.11095552227442558 0.16112625759728413 0.061700383541005474 0.05167884383216312 0.05288458717213976 0.16911516830377737
6 9 9 5 2 3 2 1 7 7 7 8 1 9 6 1 7 7 5 6 3 1 9 2 1 9 1 6 8 5 10 6 8 9 10 7 4 1 4 2 
0.02999002343090171 0.09161154024728171 0.04929909353718489 0.03786211065741546 0.12119650699640287 0.07476483829063353 0.1657923614885068 0.42948352535167295
