4
0.816 3 7
26 78
dirt-slalom:12,14,18,23,
asphalt-straight:5-6,20,
asphalt-slalom-flat:19,
asphalt-straight-flat:4,7,10,21-22,
dirt-straight:16-17,24,
asphalt-slalom-hilly:1,3,11,
dirt:2,8,13,15,
asphalt-straight:9,25-26,
5
SEQH:0.009992966642014536 0.1402340249030892 0.033240648749698024 0.03907630290508053 0.1335774085172015 0.04172076850687087 0.04895451224499724 0.02537023734021673 0.13786967271717487 0.05801015929198943 0.041778413906375426 0.29017488427529153
HeUZd:0.024448599272080335 0.029983449147103713 0.0059546308403073175 0.2557151897765984 0.030716371172835107 0.05886844526938328 0.203584557408145 0.1112200285439522 0.05782969909384921 0.02123400636436645 0.09808703184220939 0.10235799126916961
e:0.14341012900347652 0.08322243491817799 0.13184943734714993 0.020228274742788398 0.004983013652588199 0.02357309327484051 0.02498940348010512 0.001695395387312224 0.322522294840572 0.004886842991809138 0.19971700529964673 0.038922675061533345
Kca:0.011940373025037598 0.17685996006403878 0.03721787477012745 0.08991785611951707 0.0663112949873461 0.05320433059787381 0.006615071653794828 0.18116739617076763 0.047340009909942755 0.14782295616531005 0.11522362820364525 0.06637924833259881
A:0.020833556474242412 0.08670144469654578 0.002727357764922894 0.10882714568929455 0.04884737829561363 0.05330537190292854 0.012738557597970341 0.4959601845454428 0.0677487059780917 0.03395335891466789 0.06807029608301877 0.0002866420572608576
5
m:0.028168953077385775 0.037382371798448166 0.0423235725028677 0.10918059100900102 0.1404487028837686 0.08325097446204784 0.04542635956697778 0.0006192353767929885 0.09145224372135845 0.12192083865847766 0.16061851109397585 0.13920764584889814
Vba:0.020871695409170995 0.05610639652472669 0.11992187482499651 0.018042530945825433 0.1359204094416354 0.0009164501733728295 0.1505168149010355 0.3353717574633007 0.03710469064006959 0.035739463058238746 0.08910790139883792 0.0003800152187896197
vVK:0.06402077545674137 0.11325544083640304 0.13800193090995552 0.012576543425631295 0.0010641360792212821 0.03909971758002111 0.04477746853778147 0.07381990947502412 0.19725983703876773 0.007640178866632921 0.09876778020433864 0.20971628158948152
B:0.015796754770048046 0.023519122734543697 0.014357735534436387 0.0013774949404382938 0.004150455763694605 0.0781366688879142 0.015496109329195009 0.03323937366421927 0.1635410634758732 0.057326472642666375 0.34643141807280103 0.24662733018416977
iMr:0.02211453437888228 0.0011368615965760545 0.23021089206748005 0.008095241647543817 0.023972443734599256 0.12719159916819542 0.03225051101995178 0.02613638148106318 0.0012224496276854275 0.14280088481489908 0.36096601438840054 0.02390218607472318
all-terrain:0.014668596015953642 0.00017956136587047453 0.2819139938426491 0.04730484263824109 0.20702454999231718 0.011307581460230615 0.006448606734829656 0.12375870461394227 0.05737529448064057 0.17750261881745016 0.0036207588053498393 0.06889489123252537
mud:0.113269971195025 0.19063186622033904 0.01332634755786904 0.22146221167194144 0.07258517041240205 0.11942843289526511 0.15235198970643707 0.0020524521945227176 0.07395925529291858 0.01773460599464439 0.02156384357470463 0.0016338532839309148
low-profile:0.008888729727473422 0.08118993874038544 0.09441247079952844 0.02755699942655278 0.045855151356286185 0.0021376799862087214 0.20626459958547858 0.04675130330407566 0.1588170838462032 0.05463370304874952 0.13584429650929447 0.13764804366976366
performance:0.03886458690514811 0.2733706531456464 0.03862952354623216 0.00466000546689269 0.09891548815433658 0.06755178389186477 0.03978357844406432 0.11244819756463174 0.1963313051821659 0.017529987729756766 0.06806172287320472 0.043853167096055946
3 7 7 6 10 2 5 2 9 1 3 8 10 9 1 2 3 5 6 9 3 8 1 9 9 1 3 3 1 8 8 10 6 10 8 1 8 2 5 5 
0.051824862090807916 0.08146420901776716 0.12329128091690471 0.1806432018217737 0.1973740277539403 0.012940786682635406 0.1639975893038718 0.18846404241229883
