4
0.738 7 6
12 36
asphalt-slalom-hilly:1,
asphalt:9,
asphalt-straight-flat:4,6,
dirt-slalom-flat:3,10,
asphalt-straight:8,
dirt:7,12,
dirt-straight-hilly:2,11,
dirt-slalom-hilly:5,
5
SsKqw:0.3325431634180151 0.023150454481354825 0.03544544720358768 0.004935802477107015 0.12050592017329394 0.06270818489317455 0.09015369957193466 0.006533282520603961 0.008447129789849975 0.1837567489480976 0.052072041150074556 0.07974812537290621
p:0.0017476360377553547 0.045460432029810406 0.08105940980523717 0.19709213566039432 0.08910870986154175 0.013868324250734788 0.09067123067281495 0.14573582052746878 0.10737755542682263 0.19777810979831556 0.024760623514557774 0.005340012414546802
co:0.011619507925283936 0.019915220561193155 0.12181131032330554 0.007120629971595552 0.19796263017784552 0.13356133300154238 0.010703111877665119 0.08244855902619148 0.0009787382747447999 0.0872946013690324 0.185158159031248 0.141426198460352
spu:0.09434691021828318 0.13291596983830486 0.07329376389656372 0.1076508136942655 0.05702342892311496 0.12795334335458988 0.016156792349515735 0.24917031944369497 0.035381024453576514 0.046647048284126746 0.015889303620535592 0.043571281923428365
MvC:0.06233071764281363 0.04045159618182653 0.02396877130240708 0.017343236409399977 0.2504357083012388 0.09668561577744908 0.20595103842867088 0.016544409410206445 0.06272443403403762 0.039224072054566024 0.10830573311206622 0.07603466734531748
5
sp:0.07172490906186597 0.14884457073580373 0.019964563100030093 0.21802152239601785 0.10104582516210923 0.06941846197468146 0.0032577328703777254 0.0850108169108925 0.1871807092757039 0.002455745486968004 0.04834856919408012 0.04472657383146932
SIaG:0.0821754766745909 0.20370776452957753 0.03880688897988596 0.06404817692748362 0.04307451819462337 0.06490562320321308 0.026627979387323093 0.19084122415545074 0.09741930694765472 0.11626996508159465 0.01293585254574853 0.059187223372853814
MZe:0.054029683800764304 0.015888801200397262 0.04058099084249413 0.07889151311224198 0.004467559839741483 0.3247907300292619 0.02641991189673919 0.11743939738430863 0.1926529460579364 0.08891332260336114 0.03902701449753488 0.016898128735218464
O:0.10136351690089167 0.10382748395565947 0.04601154434179654 0.02287523052869817 0.0844145628419228 0.23670582576577498 0.17475157422292606 0.034256564971192734 0.000646427342990047 0.08514851890537926 0.04203169819634949 0.06796705202641898
kTHBe:0.0385283574346344 0.19274229261004355 0.06248319792416586 0.051875972114250386 0.0024310681689184636 0.20901743736899459 0.07848011844242989 0.1425231785227925 0.06169483844437773 0.016055750163955176 0.017900397488401425 0.1262673913170361
all-terrain:0.1025669146299164 0.0068826126014544355 0.007252461477139957 0.008913871464908577 0.06201581951810625 0.010633045054031655 0.07995460620966478 0.32510444452869147 0.17836130695150004 0.044642707566753634 0.07824430772271176 0.09542790227512099
mud:0.052148596461745994 0.04075797199645151 0.11487707044331634 0.03202385228845933 0.44110865215048434 0.016432785693952633 0.16200859833915254 0.012450046465953995 0.07309402121069257 0.007285905371998206 0.0017098344916138982 0.046102665086178496
low-profile:0.25165934321903194 0.0015171253805260482 0.01586312126453707 0.030638087136036527 0.013344799864510395 0.020166717610925998 0.024785519378285183 0.019830743872696188 0.38296398711625157 0.06417827827176194 0.10182372092082764 0.07322855596460943
performance:0.04765490345082741 0.07130798174619839 0.0004281537311010235 0.10931250592762894 0.1798299782794976 0.09964073629013771 0.06161645644196822 0.0718154032267353 0.017732940358232863 0.20440725419616318 0.13179079747528158 0.004462888876227963
7 7 6 10 7 2 10 8 9 7 8 5 3 9 7 5 3 2 2 7 10 8 8 6 8 2 2 4 9 2 1 8 9 4 7 2 6 2 7 5 
0.3036072013206185 0.08556136148691716 0.025747574744508783 0.05992046105513453 0.008103571679318761 0.010681359857559502 0.4083139268435197 0.0980645430124231
