4
0.673 9 7
18 54
dirt-straight-hilly:18,
asphalt-straight-flat:1,8,12,
dirt:4,
dirt:5,10,13-14,
asphalt-straight-flat:2-3,7,15,
dirt-slalom:11,
dirt:16,
dirt-straight-flat:6,9,17,
5
NDQz:0.05890529341451464 0.156780966847826 0.039627178479579604 0.09843022201063123 0.013643503157621199 0.041828803599038435 0.019980039006487958 0.04178278369522217 0.014685855804537778 0.215803790914628 0.0742019010982896 0.2243296619716234
Uqk:0.1587737542644871 0.0031073625458270825 0.013705804316890663 0.028844243129843936 0.08107960827346282 0.18208309532734748 0.083802618553445 0.021515747343221352 0.05943353088960554 0.07686367717497007 0.2694757439622628 0.021314814218636246
xOTj:0.15084297181279174 0.15888032885697145 0.11114979004644597 0.04686043834399681 0.08850385316671291 0.08418990018952997 0.09423027624123138 0.11348780273441798 0.05770754140056351 0.06280299040498497 0.025612773296404486 0.005731333505948727
KMNd:0.014076547596309961 0.19528810350131146 0.2666726883759898 0.0033332817016465195 0.013147676708450746 0.13719706773297344 0.16019222265014801 0.043267543825104816 0.039612254971689735 0.04603165012681387 0.000986623843164093 0.08019433896639774
ZD:0.10010454667855923 0.3981293839325676 0.007900748642622893 0.060000830952405944 0.04971358909303732 0.021535094130247873 0.06125629465336842 0.03265092932533479 0.02191963449323384 0.18465203303080677 0.002808763511747884 0.059328151556067486
5
tcVW:0.09357661015791119 0.03621636983647729 0.13374016711478234 0.16179238895406453 0.011402615375259438 0.12043890918512441 0.07346124512283254 0.20497577873982598 0.00712553752452587 0.03234781445930802 0.10328106985973425 0.021641493670154232
Rhz:0.07003946937081677 0.14164219870706515 0.07914720252834163 0.08163027732976429 0.010183440338868931 0.042539476896664326 0.17309343881776043 0.06320529004009112 0.26464746147126816 0.011463806206224055 0.006167054978994809 0.05624088331414034
jIjF:0.13104710843375442 0.01040699332045166 0.061118495511445034 0.02914251702797516 0.3390288007703943 0.11997459683677163 0.001494452528350215 0.1087541461306684 0.07074161882723132 0.06513423373551934 0.0437765963831505 0.01938044049428815
Jg:0.01725207279310499 0.11742268287264349 0.08421055291433643 0.1353617328427517 0.2099469457487587 0.0754003242070608 0.09266855485531353 0.033579572891622646 0.055747582052337326 0.057338759091271875 0.08919587920786592 0.03187534052293263
AcuS:0.04548722724258458 0.050936602366894485 0.008641289356333695 0.05279073516682704 0.009413650177917149 0.01880041668088805 0.0983555663509551 0.05618290348332811 0.030459136522855184 0.46809202868143834 0.08062884422957642 0.08021159974040157
all-terrain:0.04227490871078158 0.0020269515188429295 0.0136948356945847 0.023355991495218085 0.1449449867019783 0.05255226617429732 0.020740637474686376 0.3480605632857944 0.19705276026124868 0.003419834718874655 0.13859861519862432 0.013277648765068525
mud:0.0005342188314221762 0.006018835549887195 0.05573017336588711 0.08814123024834992 0.02818584800842042 0.2692089083570958 0.3619424210460781 0.1317543462390339 0.013112892780572868 0.03275498382409917 0.0031842887874085134 0.009431852961744976
low-profile:0.11941503021562981 0.06741683713134917 0.016631705639250448 0.06294431588715234 0.03720168367542664 0.05095913528082664 0.2611420837037778 0.09292706890710112 0.0321959080801596 0.0365286614513458 0.21792905285647354 0.004708517171507141
performance:0.016176880271218275 0.09015357490484383 0.000796956440435227 0.0504758761206465 0.020698445887520713 0.2811734500754683 0.27610753645704483 0.0009474223180478115 0.11657358871213956 0.010279421010986172 0.02908722989100863 0.10752961791064024
2 3 3 5 3 7 5 8 8 4 2 6 7 4 7 3 4 1 10 6 5 8 5 8 1 10 3 10 8 4 5 9 2 5 7 5 2 10 4 4 
0.03364177936064767 0.0833914243888675 0.01850031668796069 0.1803387756638365 0.0664032667822431 0.4300868805499859 0.041877460905586514 0.14576009566087214
