4
0.768 3 7
29 87
dirt-straight:6,18,28,
dirt-straight-flat:9,23,
asphalt-slalom:3,16,22,
asphalt-slalom-hilly:5,8,21,26,
asphalt-slalom-hilly:29,
dirt-straight-flat:7,12,20,
asphalt-slalom-flat:1,11,14,19,
asphalt-straight-hilly:2,4,10,13,15,17,24-25,27,
5
uiZz:0.028743914064648657 0.1725891208340105 0.06868418770161733 0.12504383500514857 0.18003845347786226 0.13044472566379078 0.033241770569054405 0.09079248978324216 0.01037726380689769 0.11748197458648259 0.041945821039880864 0.0006164434673642613
SlnPe:0.0245080159067363 0.022924612268732665 0.10121904566720825 0.24807174461151205 0.0022791241905423722 0.06738837640143845 0.09113445369873202 0.08803630778405022 0.015036474875420877 0.018011980170344312 0.19259466523957747 0.12879519918570512
tojS:0.02178670962347953 0.01951321995988762 0.061516955467013384 0.036029907068847455 0.16168449392006595 0.3903976922290338 0.08566468077271375 0.029420452879693505 0.02055554951696832 0.026881948108550942 0.06016321065737743 0.08638517979636842
lIJg:0.15539997604430505 0.013602293674964747 0.2143526958319507 0.016959338678425164 0.07808568261242388 0.06930615679278034 0.1083185841194665 0.04170457157960198 0.0013684028980532868 0.21091526709333885 0.0483007946713703 0.0416862360033193
Eo:0.14938967917461582 0.06048783198911805 0.04790153636449484 0.01768090674003659 0.048943432487782726 0.017533481246817355 0.18378851539419475 0.16405211728862676 0.009774496033118004 0.15049669072528832 0.14129892746095354 0.008652385094953488
5
YV:0.0022876005615536594 0.022938075775875897 0.04027237435746064 0.05021230788260542 0.03883318270533123 0.08894631876806591 0.011496238248124829 0.31735939867618157 0.2211938568072228 0.17007699814126753 0.01821858818572202 0.018165059890588652
Fm:0.0788890163544157 0.15314303536665436 0.055332585453777984 0.018775528358512983 0.09262507804463913 0.06443661153833621 0.18197479909644437 0.18234405346670365 0.058457736351662966 0.010670839513405946 0.03385417288725316 0.06949654356819375
gjJTd:0.06533107348119371 0.2121001606149271 0.10195137813538929 0.0005109490574898559 0.01882787813413677 0.09125006740097469 0.20594402989304553 0.10915994301749639 0.024494564336872415 0.09660205165437362 0.01334987438552422 0.06047802988857639
Br:0.11872496609749313 0.1318619214508905 0.008868439608808594 0.31526813474236837 0.0062006685799683055 0.04102475985519199 0.016786198422480258 0.06236259569278683 0.0893223445095514 0.09823337521244756 0.01068614638185693 0.10066044944615599
CaB:0.041125245734950557 0.0792078083450786 0.014976509236636636 0.18933486361198493 0.09662236358199423 0.066429790059934 0.07411756457775266 0.19352767196517592 0.004066081415174833 0.01960800477707745 0.1974446170172425 0.02353947967699768
all-terrain:0.13104458957656023 0.08764777280027701 0.1431396290928934 0.062424355875343174 0.022519982258116678 0.021560439816452403 0.020321199915407987 0.02709880046442348 0.0069800248108293425 0.25314067425803993 0.1052564380569706 0.11886609307468576
mud:0.07222077445244644 0.024064104226235086 0.13155431125492267 0.0001934454781348636 0.03233219714799625 0.018728959129161223 0.3955208028530181 0.09826626183364108 0.04733157983751764 0.01633620872873769 0.028263514205904842 0.13518784085228422
low-profile:5.166912818585024e-06 0.2950973962566012 0.05159815427853417 0.15761911757706376 0.04182420527811248 0.1614906121080542 0.00953417507852376 0.09186647698297035 0.008434844018853192 0.06523745243304062 0.051205596788826635 0.06608680228660084
performance:0.047047441315110745 0.07612717128585536 0.010252130875551302 0.26304259784614775 0.012711369431929824 0.1179772417702655 0.06453714484696504 0.015335743858898597 0.17365841546729247 0.01625481090823051 0.06041791354794315 0.14263801884580948
5 2 4 8 6 8 9 1 9 6 7 2 4 9 1 3 3 2 3 3 6 6 3 4 10 6 7 1 9 5 6 6 1 9 10 4 9 8 1 10 
0.0021689986515456084 0.006302980449666853 0.03134607793744508 0.4916590016098445 0.03378501862648808 0.24537764260263034 0.08410047032771589 0.1052598097946637
