4
0.987 2 7
25 75
asphalt-straight-hilly:7,24,
dirt-slalom:4,9,12,18,23,
asphalt-slalom:15,21,
asphalt-slalom-flat:2,16,25,
asphalt-slalom-flat:3,17,22,
dirt:10-11,
dirt:1,14,19-20,
asphalt-straight:5-6,8,13,
5
OQ:0.16376808761508307 0.003931831063967871 0.027634418721243306 0.019569693728522297 0.239978125700835 0.00375105238480505 0.02960551664687217 0.1928169602572237 0.08231371581521194 0.11253284515974254 0.0878870623268632 0.03621069057962989
tYYM:0.22303999407954278 0.02084047438786603 0.04491371614259153 0.0021284904972585757 0.029911145495977592 0.03778944789987775 0.011188452613178392 0.24169897339136542 0.11658470974371007 0.15673547951390768 0.09883898871613073 0.01633012751859345
NuMM:0.02336526822619898 0.0473110415135521 0.15731260136615405 0.043889730846786254 0.036783448711459575 0.25029812466534357 0.03283819969404412 0.029660304225956325 0.0369443456313947 0.019278580493935445 0.3205956695831162 0.0017226850420585485
hwh:0.0350276627157664 0.00015882233827890088 0.07967508976701186 0.05495026374588906 0.029496047234027857 0.1411966089288546 0.33950284339417214 0.1533754248130458 0.04164060767079086 0.0053182749198554344 0.003226380212914384 0.11643197425939274
A:0.012216200946432323 0.018516384073324527 0.2911438846673333 0.0759805579086471 0.16527976042953274 0.015455379425364048 0.010933048398856591 0.1086823348986163 0.002043151805574306 0.056405452085751616 0.07250507473631197 0.17083877062425498
5
SWo:0.18764015579683774 0.10031990394624173 0.03593882784419041 0.08426012567450855 0.004545425715549885 0.026268159513111313 0.04275599079480177 0.1115135712654526 0.11314412936229723 0.012853994688818763 0.08801587433873109 0.19274384105945896
dF:0.1504207575716238 0.10646826923252828 0.0016089614230491236 0.01767576069831058 0.08567066313355146 0.13327178133978324 0.07240327510729466 0.14771702784107085 0.03014162482450203 0.029779601744545442 0.04105140179711573 0.18379087528662474
Y:0.12363050151086322 0.15756191931591956 0.008858518396627657 0.01184170345782436 0.06020726118490599 0.0033363822538729914 0.01988405909093155 0.10183566001716952 0.08842166825425396 0.11199833879970007 0.009015121859705901 0.3034088658582253
hQJeu:0.11741003801785302 0.008891864396033814 0.0352840505134821 0.2678016969662825 0.022566708232516743 0.05560131126517822 0.08049092568987722 0.06595210052773355 0.19102927482989213 0.11682625034487332 0.02355649286385709 0.014589286352420324
Knfc:0.04752734261794527 0.02565395925167351 0.21179330939321994 0.017563926818573737 0.11156978564153949 0.02257806321434901 0.04181888088006604 0.13353884975194763 0.1355052180790731 0.05349026161224646 0.09693345807235555 0.10202694466701016
all-terrain:0.02227687483406135 0.09624308998808276 0.39597125432177105 0.02418651170086519 0.13223497779223067 0.04524504164220128 0.10554889446053858 0.019204242487673384 0.08136105420050847 0.032403291422535195 0.0410483236482903 0.00427644350124179
mud:0.07409186532281459 0.0013224507604834362 0.09334191732197791 0.16566874994326872 0.09446560985869766 0.12250415899758932 0.20523223657610173 0.014868145949432194 0.03711113126921767 0.004222392793989022 0.10725706831838157 0.07991427288804619
low-profile:0.03952173279181662 0.255227817968769 0.0233717044868436 0.025161574328161535 0.0004641376854683898 0.09837925840217018 0.13352868098518614 0.028263896351065097 0.03357438638905118 0.1048102757189931 0.08007556988047866 0.17762096501199628
performance:0.04399276599922799 0.11761189647349324 0.05549890198418223 0.11251189522000017 0.04872238108169733 0.1722789282104637 0.016140327489226655 0.10169506650250194 0.04349039549642147 0.194994518306832 0.026802105224375098 0.06626081801157842
3 4 6 3 9 9 9 5 6 10 4 8 3 2 6 7 5 6 4 9 3 10 7 5 1 1 10 5 1 7 1 8 9 6 8 2 7 8 8 5 
0.231886376104534 0.18566068763512958 0.03465958591346349 0.3178280839067525 0.1007587343597882 0.01782361238188373 0.02254735046123084 0.08883556923721761
