4
0.688 3 8
20 60
asphalt:8,
dirt-straight:15-16,
asphalt:2,6,9-10,13-14,
dirt-straight-hilly:18,
dirt-straight:12,
asphalt-slalom:19,
dirt:1,3-5,
asphalt-slalom-hilly:7,11,17,20,
5
cVK:0.041533305401223124 0.06609094224012234 0.020853191970475082 0.17464570141088082 0.09455272394455602 0.03332355002926115 0.03301185279080651 0.0820719245825564 0.26090331264310285 0.04432103244134484 0.0764907176933768 0.0722017448522941
kcWQZ:0.15387745215809806 0.09566634008340608 0.06938549393492478 0.027950591377670808 0.0655900394220238 0.02724662415623391 0.020758027662422945 0.004123787068620356 0.0528453781834493 0.2075708598111908 0.2609880857231093 0.01399732041885004
d:0.0905798953096127 0.06670854983658103 0.029437941753319753 0.0035378359475194184 0.05944473732056921 0.12374142222477792 0.013553144849190575 0.03476367687697282 0.18042677171217364 0.33071892141119524 0.04243962725951875 0.024647475498568824
ozQxL:0.042677942757247476 0.07664313558406981 0.026370285100761722 0.01007568021395016 0.09139674194510367 0.0179216732299462 0.010943066385418945 0.395836242622661 0.029223930048870476 0.07986012072444308 0.10591256684121707 0.11313861454631052
SUkVL:0.267066651371083 0.04074108417490422 0.03397909869514341 0.047118325983362186 0.019209142497214306 0.009686119256535584 0.16033460266486071 0.06362440081712592 0.13252033351314924 0.04532420738627662 0.1454137600005516 0.034982273639793345
5
venBN:0.15234657717663638 0.17730241197364416 0.004769156709072438 0.02550232653267326 0.09599044757288519 0.026446418407358063 0.10299403632525372 0.11204019498522917 0.0307044753977973 0.17236204287081594 0.015163732345338242 0.08437817970329597
h:0.027747876526628988 0.012857760666061237 0.02000815794500584 0.12219832497048623 0.0031195872207917482 0.13555900463611775 0.10688533713221755 0.10707845909187977 0.020161544985226088 0.403191902615248 0.03765908474114615 0.0035329594691905974
hAcZZ:0.011350985864895212 0.0944535471371657 0.007772810097715919 2.2950090348100433e-05 0.05812739314922194 0.21926722752430283 0.028439647427065076 0.37589378740149076 0.06994479991451016 0.04089200326356366 0.049831721412448134 0.04400312671727253
XTzN:0.10345708814068513 0.0359174881396289 0.09121858495769891 0.14791753952260672 0.050486185736908766 0.09064603007913594 0.032874402465152025 0.3130647179544164 0.06996250206842929 0.005712692098515776 0.035544337112301864 0.023198431724520182
O:0.08945401048013853 0.137974594640023 0.04393623299455564 0.012285109724285374 0.284910212171311 0.059875341374648734 0.2186660285563058 0.03301931940022316 0.09109036435909006 0.00852761888755791 0.01887601411139197 0.0013851533004688534
all-terrain:0.06737764576556561 0.2594985748591452 0.008664189186667327 0.1313587298830551 0.04836092075607478 0.014769518125225986 0.14984060151233541 0.022152300735429602 0.13261014283665024 0.10812858762990638 0.02778439387659363 0.029454394833350776
mud:0.062234226722221814 0.08854564452886544 0.08396231015984337 0.03794700314770856 0.10119939411701334 0.027403759465359525 0.14096658196572337 0.007087793086326778 0.07385346118251565 0.04331670248917166 0.03983313666872949 0.293649986466521
low-profile:0.09636385347344553 0.14689071992201086 0.2135924944843543 0.040238908395373384 0.047141054794217825 0.02864839791070699 0.008605246932848835 0.04153481547634635 0.22505071536582058 0.07015377961066892 0.020566890534873063 0.06121312309933348
performance:0.21746565652142597 0.012234784352850268 0.024384559744495844 0.23094223505318698 0.01611421794579945 0.1661153331780851 0.013788744723552251 0.07200049975139076 0.05067556183640085 0.010128516412460271 0.0026393515536904492 0.18351053892666166
4 2 10 1 9 8 8 9 6 5 10 2 2 7 1 1 3 5 2 9 3 5 8 2 4 3 2 2 8 10 6 5 10 6 10 9 10 7 3 6 
0.12236903713658122 0.02362809503952556 0.19288519353440542 0.1866875200292061 0.0632477810514001 0.15961930806332766 0.033808563789740786 0.21775450135581323
