4
0.989 2 8
30 90
asphalt-straight-hilly:1,5,9,25,
asphalt-straight:3,19,22,
asphalt-slalom-hilly:16,18,20,24,26,30,
asphalt-slalom-flat:2,13,15,
dirt-straight-flat:6,27,
dirt:8,11-12,23,
dirt-straight:4,7,10,17,
asphalt:14,21,28-29,
5
E:0.08404004949147449 0.04778428159107986 0.014495657572433648 0.1840400231745579 0.046868462844544934 0.12829587830068737 0.17315334428023638 0.012770678956429173 0.006656007190697485 0.07921955800514399 0.1720929636670981 0.050583094925616565
hjT:0.06378121384083171 0.13325687790789634 0.08589267298558206 0.039099275423047156 0.003415962687909783 0.047431285151467696 0.3375253903542217 0.0789022677412989 0.008920302595627446 0.037462015018431494 0.04542763363209834 0.11888510266158737
Vsz:0.06566932849559617 0.27134530912099364 0.039699412018841924 0.2296701825548094 0.05500481746065512 0.04263550968374289 0.024487897766217098 0.004991328077563749 0.029723659245264815 0.03216547060775797 0.008521429486634377 0.19608565548192303
zdGPj:0.08287369624668964 0.4329636648449164 0.06439025255529292 0.07845286701346382 0.0546777695957796 0.010096624352648883 0.09148757303225198 0.019948775475978668 0.020004776720523525 0.019970982037616547 0.00913274216418143 0.11600027596065667
Dva:0.029292309316060465 0.33557247864007816 0.00705394129764527 0.12438033372797837 0.03663476094554924 0.06940440615955944 0.027932485462969617 0.226906924407938 0.027811690961562757 0.03992079608024645 0.06309957057341214 0.011990302427000388
5
LTP:0.01143448652712184 0.03203885025590169 0.10281236570436547 0.01649186060785618 0.029865777299013734 0.09721040129874522 0.04892763558129918 0.22729538910071204 0.14315614690504605 0.06198452296998957 0.10797875246077891 0.12080381128917017
JWyXR:0.16721788179135846 0.03995327033428328 0.03632712435388602 0.1210524100772201 0.03572427613777938 0.06857189776711874 0.11497730071774927 0.013244658318089584 0.05955188693354854 0.023626246015484458 0.2821933211662711 0.03755972638721114
yC:0.06928302693942098 0.06767449892512524 0.08696179129256063 0.013730870655610145 0.0010270727080362969 0.05384675770470236 0.09684611229048375 0.06175488500875937 0.3023563867578658 0.09773510246296334 0.06664424836600533 0.08213924688846679
wv:0.0022858053902683312 0.015181977278542185 0.044328413258654505 0.009932230592656095 0.048734548836166534 0.07954351893976785 0.22260057879448683 0.09650398257577485 0.09376105519406679 0.07128387278742837 0.11003764922036396 0.2058063671318238
lKuKb:0.07265537405420526 0.025598528323016224 0.34442808493954896 0.25011815556389555 0.006969009265820504 0.013427102251917953 0.004259336975362183 0.002408437500209986 0.031820037460673446 0.03174080127938518 0.155015237452232 0.061559894933732644
all-terrain:0.003869323853947683 0.12944400182459323 0.12282151806653256 0.02854005435532443 0.11513221268103939 0.15837852435160307 0.01952560167893741 0.0025139851590415857 0.09652622630154974 0.00843003667265423 0.12387321878016405 0.1909452962746125
mud:0.15828135664798548 0.06018134213468307 0.03221282550541157 0.062040545322046656 0.09004140793589967 0.0745954356086861 0.10922857615266256 0.09532060827245961 0.08193731002005951 0.03282295824548733 0.022487686071570326 0.18084994808304827
low-profile:0.006035611322514261 0.045312400948091865 0.11023789564400804 0.10164905682828114 0.04407771436266512 0.049185298062051595 0.07176499848485955 0.02734904502001952 0.12784330957108395 0.13032206692470835 0.14512047983189685 0.14110212299981978
performance:0.12006670406737249 0.0017213865888174563 0.0030261431538073248 0.3669194634957284 0.05550399238598179 0.007964350728387932 0.00010549157226081844 0.09131041048147626 0.00961394691974992 0.05320716431902311 0.2794062371227199 0.011154709164674684
7 5 3 10 9 5 1 9 1 9 10 5 4 10 1 3 3 5 9 2 4 2 9 6 6 7 7 3 2 5 1 4 9 1 3 10 3 10 7 2 
0.0051428114258022985 0.11767363263236587 0.2285660423125802 0.3191258007132204 0.05516345343266443 0.11072301445092678 0.1464523988149181 0.017152846217521923
