4
0.703 4 4
14 42
asphalt-straight-hilly:9,
asphalt:7,12,
asphalt-straight-flat:8,
asphalt-straight:1,6,
asphalt-straight-hilly:11,
dirt-slalom:2-4,
asphalt-slalom-flat:5,13-14,
dirt-slalom-flat:10,
5
Osm:0.02884091017497443 0.025090748708819312 0.03737205080571728 0.2610178811538894 0.0259810815713801 0.10398951237238264 0.029841192487685127 0.03469708111668351 0.21432866448891186 0.11366814334061368 0.021439355468894424 0.10373337831004843
U:0.11079994337197048 0.09186289754150562 0.146354634097069 0.10440271038602933 0.04889300295886239 0.14361605471507047 0.004276988025067774 0.0645396397113451 0.03889085735025176 0.0528135950282939 0.1373064886817536 0.05624318813278047
n:0.1478608709148553 0.06819492226384856 0.026967551252045602 0.13057160370387644 0.06200074527247701 0.2059417055160025 0.05515762409407912 0.033269869195512294 0.1524807069702356 0.015746758616919834 0.07123144315512304 0.030576199045024677
lQPZO:0.012286042302830456 0.005773976344679958 0.030756058581593703 0.22750048205125034 0.06989129337338472 0.060843998430448576 0.000541818442529603 0.2884202583909977 0.1448466209317831 0.005785672415506147 0.12615250140142 0.02720127733357572
LgqQ:0.01611461150009879 0.038280760810870215 0.09782304662804081 0.2006859619178783 0.04686479688662868 0.04168153129553774 0.021787683809124356 0.023044036465731717 0.25834703884280064 0.04406420972156774 0.10317448030847078 0.10813184181325029
5
M:0.013060291073845638 0.3150618004698914 0.1946590929230232 0.0232304863866137 0.009589045346995489 0.03326869273276685 0.03656300370898017 0.026649285159214598 0.23232462911260918 0.02049500711506223 0.05179988924154499 0.043298776729452516
N:0.13002647184528834 0.04660788066736834 0.04830587049481068 0.07308123254232125 0.11901975420131461 0.06597682167611832 0.06325915894583393 0.08205351203589244 0.010360654500252708 0.08441846920928778 0.16336678948864683 0.11352338439286479
gl:0.13867620389248078 0.09741157487410275 0.07061653126531194 0.08105917779953943 0.24301940301170377 0.082487023390884 0.03493473426824222 0.07899934515648929 0.06739969194242917 0.001941912135104486 0.047544011120083614 0.055910391143628606
eB:0.049682051169432785 0.20042746292486982 0.11212805754434911 0.07053703355562807 0.11730066560573238 0.06565149990621169 0.005584940102453308 0.22367531952028677 0.0404183627523731 0.016250363007910194 0.06915600912866372 0.029188234782088998
Nsqs:0.05219612603614784 0.13393998924526732 0.027958324252601842 0.07951426760511351 0.02412286367971736 0.16664791534554038 0.017582226593388508 0.0035737172430644554 0.06260827890382935 0.13768126348314647 0.015217893154820795 0.27895713445736203
all-terrain:0.07212128562399574 0.19984548150882187 0.04974393083608896 0.10895681402320062 0.11412922194110017 0.016916630426569098 0.13697107051950422 0.0027158730166806848 0.10900968532276717 0.05285822642827905 0.022664669152969916 0.11406711120002236
mud:0.07222241282489791 0.10451775251363996 0.010692952384097983 0.0632597193431988 0.13776178889797328 0.04241310792778536 0.16809535623152758 0.09284310042279206 0.15827098096899977 0.12352123896038933 0.0016951571107005471 0.024706432413997517
low-profile:0.07433371208183749 0.018713514732929534 0.014789521414421558 0.022336932798397612 0.05803230681615417 0.009401175858715033 0.1621331162886678 0.05235404857036027 0.13571095671791467 0.20078112697063996 0.2159032059528184 0.035510381797143484
performance:0.07703582015510042 0.023572485506564954 0.027137277254743748 0.003191087678314658 0.02841010436875248 0.08525272892382058 0.09586036714614744 0.16901912738763042 0.03545123626721311 0.1300796386004247 0.10515649817349684 0.21983362853779054
6 9 10 7 7 6 8 6 3 7 4 3 5 10 2 10 6 10 9 10 7 1 9 5 10 4 6 8 6 3 4 8 8 4 3 1 4 8 1 1 
0.08990623686505854 0.04978968954475151 0.010576468633400737 0.15103724281598147 0.38718341497035746 0.16189779389238448 0.13887828379345318 0.010730869484612647
