4
0.68 1 1
30 90
dirt-straight-hilly:13
dirt-straight-flat:5,21
dirt-slalom-hilly:20,23
dirt-slalom-flat:2,7,22,28
asphalt-straight-hilly:8,16,18,24,30
asphalt-straight-flat:3,4,15,17
asphalt-slalom-hilly:9,12,14,26
asphalt-slalom-flat:1,6,10,11,19,25,27,29
5
mazda:0.011291172930633359 0.3373637719063792 0.09556233148850678 0.042641330556833786 0.05185370800821478 0.14452215330222318 0.058165648619766176 0.06819281598574084 0.06815475446198434 0.04014483724606875 0.08024465414022167 0.0018628213534272304
toyota:0.003575527537233447 0.13998977780355396 0.03930014802439521 0.12741295632470087 0.0061615610393575115 0.017440225881937898 0.03556068811556022 0.023278146938355167 0.41282426642477843 0.15577514298708625 0.025171701097630863 0.01350985782541007
ferarri:0.029290188786352235 0.13238880337053613 0.10573279000352107 0.03337246956465467 0.14715850639932537 0.009186345035450048 0.06343382606171047 0.03936402139129445 0.11522085104704335 0.0019947688061766502 0.14317250706898244 0.17968492246495318
humvee:0.05184663170247435 0.19545556610474465 0.009267578179738955 0.04548292156605647 0.00285815414452057 0.06262152249778542 0.05201362229819227 0.30770045514986133 0.07970136350263776 0.001936040462784133 0.048995889154367304 0.1421202552368368
go-kart:0.1253418241605022 0.0010542432344253921 0.106099717997991 0.036985954674604665 0.0013771331932132848 0.10330066270424913 0.2808885598443704 0.14825348006090136 0.04338520482885312 0.103180238193276 0.029581487776713523 0.02055149333089988
5
stig:0.013083151546476738 0.16857627463540395 0.022670017928100878 0.20835927959554082 0.14582287754670076 0.02890235842101218 0.03076554671603328 0.020459600572380096 0.1123005756259196 0.0529349843215504 0.07136127914711293 0.12476405394376837
schumacher:0.006637423197909981 0.007642662925333438 0.04416180868122422 0.015448909865768521 0.1527433984151134 0.1313304144178639 0.018270287045254675 0.026453024719263658 0.09498071210112757 0.02730853799364977 0.16883053565983266 0.30619228497765816
anakin:0.07326694423492337 0.04555459320315837 0.1547534181204796 0.0002468231450428537 0.0712665994366499 0.009324039878365076 0.036457989496999944 0.060161442555492974 0.22097737860702726 0.12760282756257646 0.18714703600966912 0.013240907749615182
mushroom:0.06538018435389598 0.0299636906974732 0.11386627498789569 0.04462332770105636 0.07678087964099109 0.03417665762153322 0.05735497240010169 0.17774555343391885 0.027491205691647914 0.03644621505243642 0.18968935087896713 0.14648168754008234
crash:0.03182735571933705 0.1653534533262987 0.009805947378200702 0.13709937371367611 0.07404232499934575 0.015254355491669454 0.07107241194527687 0.04267779007248191 0.020358190339275505 0.07510862594226862 0.3284866595550054 0.028913511517163995
all-terrain:0.0011637869491783494 0.0012861698988876746 0.11968506615376398 0.0954185749697773 0.06765105173378827 0.2241060510778865 0.02320483494784127 0.014839894928787284 0.11867776158239254 0.23964874754930401 0.08041418582047391 0.013903874387918997
mud:0.06152139134663341 0.12385928774876631 0.027241344389921766 0.023430472663512038 0.04813747083331021 0.028140303973353244 0.17473851232142915 0.0019024152549005733 0.2686569028179246 0.1075746642527266 0.09967320564269469 0.035124028754827154
low-profile:0.08404959312142597 0.11957511123321131 0.06346995792520384 0.10119785794284172 0.036444347363784664 0.05090451919155198 0.06029596066763319 0.24152943464049376 0.09879761946962551 0.07182753363332733 0.015366615566205777 0.056541449244695056
performance:0.009834322372520105 0.007526103109137998 0.11382997338821355 0.07422014475094597 0.05984003170877792 0.1313703192124485 0.1192861193736265 0.07714870456178369 0.07496953169185827 0.14769449897062634 0.0588164916353619 0.1254637592246994
4 1 4 5 1 3 2 4 5 1 2 4 3 1 1 3 3 1 1 5 3 3 1 1 4 3 4 4 5 3 3 5 4 2 1 3 3 3 1 3 1
0.05197477505496704 0.0740654798655452 0.06833886387810041 0.04570052031782875 0.07173011703846977 0.4134421385721626 0.24379217176302134 0.030955933509904825
