3
0.602 3 8
11 33
dirt-straight-hilly:11,
dirt-straight:3,5,7-8,
asphalt-straight-flat:6,
dirt:10,
asphalt-slalom-flat:1,
asphalt:9,
dirt:2,
asphalt-slalom:4,
5
pXLyE:0.0006288633501132826 0.07100431707918262 0.23971998266818856 0.13671403098985 0.027777524670250103 0.012320837914209582 0.05051978622804291 0.037100941028942236 0.20201922094338573 0.029808663560032932 0.17148074470945568 0.02090508685834643
fCEJ:0.0021129344315525527 0.0044720448365830005 0.0008270958621278213 0.0861109277536486 0.0629965237419288 0.1519815130764405 0.05099184763212061 0.1773946782248032 0.20621910795115805 0.02329625714372898 0.01332657216246559 0.22027049718344213
EoNq:0.10052319478947198 0.04452025171000984 0.04857358857114649 0.019370196611922096 0.02100620239641969 0.013518525343876618 0.038937232152682424 0.26297949166941603 0.04734055871008849 0.25945955514270364 0.038664571321253074 0.10510663158100951
F:0.0580550791010135 0.2926212282821453 0.04260196311249009 0.139103113780904 0.014769405383288756 0.036211137543672625 0.08800834357159723 0.08657844896183127 0.05050598124846974 0.11646312192601868 0.0036107124116882407 0.07147146467688069
nN:0.0935513141188309 0.11151552522424454 0.1074791378264152 0.04139705609496103 0.08856062181413331 0.07244865971668271 0.10694619899500919 0.10851435557431234 0.05971972041382325 0.036518946639109935 0.07646601494652908 0.09688244863594846
5
nf:0.02366870380727805 0.06059004095635795 0.057018726695793255 0.06732847666373405 0.0049125807941786895 0.20021347100072895 0.05858327761522105 0.06187322355260496 0.01894512433988463 0.1788597095110246 0.2471527860800095 0.02085387898318434
Bjki:0.04588055784529815 0.03656184701118106 0.15115181042980175 0.030720686590762235 0.02575988870626559 0.01909600216980026 0.2508052875732987 0.017825392033458214 0.003638860584243414 0.057672002237725145 0.04362557069803527 0.3172620941201302
zzL:0.003557716947982185 0.055181190056238054 0.0775613772015143 0.011018276371118236 0.15596859094229146 0.031080737941260653 0.04530689925505033 0.25151162884233463 0.0713325398118935 0.03357481843795984 0.07375070345489905 0.1901555207374579
Kbf:0.3208796337831947 0.007685190671868552 0.10966884643400747 0.005460006757466406 0.04220794676696085 0.07267884893354642 0.03606713551584023 0.08546233535023873 0.27331696291869706 0.014920351469568502 0.0179042634807613 0.013748477917850025
pa:0.20411418180113067 0.09096857486443688 0.10881637633042772 0.02381694371048842 0.19308064337246114 0.049971517647658184 0.0013817984657336399 0.060799434116443264 0.007077538893679021 0.01845422972132805 0.12868114757834687 0.11283761349786635
all-terrain:0.1929218889235158 0.10552682922033801 0.16812650336683763 0.18633910066580284 0.04398406489920179 0.037369294048194106 0.069041160257094 0.09658706294255844 0.026543772864940304 0.020538530976867295 0.03348248064132673 0.019539311193322962
mud:0.46019883309260035 0.03724688915101235 0.0072715425708288015 0.11288918687928409 0.03881862793423391 0.08459823669825506 0.05112974231149173 0.03021899477707472 0.053240131508880933 0.09477221817808305 0.01514509171570875 0.014470505182546485
low-profile:0.34994073136841874 0.16576969459109894 0.011973234153957351 0.07389651208728153 0.11780334239843676 0.09173902745402016 0.031175072883485935 0.009881025298936044 0.025050649556524248 0.058643284038528816 0.01944598256001279 0.04468144360929866
performance:0.002703654515556761 0.09530728978519346 0.11947075326032994 0.02938716950112803 0.2137263042547721 0.10939572724784216 0.08791414699843401 0.16113212565786106 0.11827944753395801 0.006786633357822976 0.05319928004536113 0.0026974678417403712
1 10 9 3 6 1 9 3 6 4 5 7 1 7 7 8 10 5 8 3 3 5 7 10 10 7 4 3 3 4 5 9 4 2 8 8 4 4 2 9 
0.15663098583256332 0.05382505138740772 0.24287245164582635 0.13399636006734847 0.02056205410762069 0.2683843316108166 0.03595891630339054 0.0877698490450263
