3
0.778 6 9
22 66
dirt:4,
dirt-slalom-flat:2,
asphalt:10,
dirt-slalom-hilly:1,3,15,17-18,
asphalt-straight:9,12,
dirt-straight:14,16,19,21,
dirt-straight:5,13,22,
dirt-slalom-hilly:6-8,11,20,
5
kR:0.018131134987080605 0.06067008619461126 0.0346705763110879 0.048803834169649916 0.017283311565895364 0.4153081761924933 0.04612718666332693 0.27282778489682324 0.0001698439051443842 0.03788950875750351 0.04582076143936374 0.0022977949170197944
CHO:0.3015732200767884 0.06080177060297341 0.014403326202070072 0.03931717778341118 0.07196248554011138 0.02452389092247452 0.116273990735225 0.08743068173001894 0.07552327545707217 0.011055487375246429 0.08503153907610385 0.11210315449850466
oYJ:0.04040317906695963 0.05480762721440712 0.038473008055084044 0.082947097810203 0.26447830325548544 0.034355153651538524 0.0340560067885987 0.07267171807692382 0.04261408811670315 0.07237980551945483 0.12373729458308394 0.1390767178615579
m:0.1728080871836193 0.11979883143630973 0.028799462917474396 0.07543021679680208 0.16438907472621714 0.14513710993956608 0.05754839385165424 0.028695940579468067 0.005309463431496687 0.013507735142923851 0.1506299828762392 0.0379457011182293
D:0.12427414261861992 0.06858023716191643 0.027740248444053255 0.037713260434502766 0.2735020106273212 0.09085344445905134 0.022380600988127095 0.0012471656125520203 0.0072180579515942365 0.18428504198763404 0.05208963526357936 0.11011615445104836
5
d:0.10039454730896427 0.26296316062192554 0.06594261161483649 0.015872633477498784 0.09018820863138687 0.08286985801651355 0.08398652254344825 0.027245811813307194 0.10647949934832074 0.07132073215258096 0.04412107063712228 0.048615343834095145
rO:0.024316757223197608 0.03943186918684794 0.08856592667651882 0.07083313888097333 0.2755693029438852 0.09885382834225369 0.07369724803154828 0.06708945139310177 0.08275507519209081 0.06726589445054239 0.10632843590930136 0.0052930717697387795
pgYW:0.021672294485606872 0.22843839320377 0.03946698463817629 0.07875837556712414 0.08657021141397725 0.04445804519908207 0.018452885413253548 0.10761820771482335 0.0017515864784129632 0.17291805184068718 0.005830957250692658 0.1940640067943937
xY:0.0033214348031138773 0.018578688832688896 0.19647046455921927 0.03006789444639889 0.014609082781500204 0.2311255820458117 0.02484773271422683 0.059120608363393785 0.08646791713886602 0.032453065346133916 0.2587900209866182 0.044147507982028385
CAFpj:0.11557233781430691 0.06479272042441743 0.07868211536475062 0.10263954429595405 0.24341826271054393 0.07072149246502873 0.06336521965139799 0.010670632931814026 0.08227946402547177 0.018024576565239144 0.11299160421799703 0.03684202953307828
all-terrain:0.021631006169224566 0.33104459771531414 0.005256625024912698 0.14992102082453124 0.0924801885777827 0.139178624723194 0.02651609350976664 0.03601094732162183 0.10685641211124643 0.039627950879152885 0.03343513670099952 0.01804139644225326
mud:0.023916009578201627 0.05490519857801845 0.1286041752302354 0.0023119228392037196 0.0380505908558791 0.12645635367473734 0.009062560339242057 0.1828893299903651 0.1410493052027365 0.053316390291092294 0.05120399954796485 0.18823416387232353
low-profile:0.0021348552526297476 0.022195496812090244 0.05750975889076611 0.009200249579952214 0.22650468954808722 0.3187808220206115 0.13447708934915747 0.04254291834609932 0.01799763057617806 0.003394344007479359 0.1359008794827788 0.02936126613417007
performance:0.1503410841784063 0.000603248494586835 0.427266312659074 0.007817863468377201 0.14398331731156944 0.0016930185907855155 0.03844049068066902 0.007283141195044809 0.06727264538396055 0.11716333191053722 0.022769809513547196 0.01536573661344181
3 10 8 7 9 6 3 8 10 3 9 10 10 1 3 3 5 7 10 10 9 8 2 4 1 7 2 7 9 8 1 7 8 7 2 10 8 9 7 6 
0.03502528714087151 0.20922613272531765 0.15865613408255205 0.05439591007554421 0.22452186374946434 0.13285580400129135 0.12054510039730902 0.06477376782764994
