3
0.842 2 5
30 90
asphalt:17,24,29,
asphalt-slalom-flat:1,18,
dirt-straight-hilly:8,11,19,
asphalt-slalom:2,13,21,25,27,
dirt-straight-hilly:7,15-16,20,23,30,
asphalt-slalom:5-6,9,
dirt-slalom:10,12,14,22,28,
dirt-slalom-flat:3-4,26,
5
jru:0.17453442094345942 0.11446315203417722 0.06186761953680728 0.0897511510673934 0.03284755973032315 0.005265917055636108 0.1169623094394436 0.025633219317699338 0.06149841331446415 0.2572835831505759 0.046443545693441536 0.01344910871657897
OgMk:0.02687317604651211 0.1014688975247543 0.16248555257492706 0.014010189133855414 0.06363410351611562 0.1875227792861405 0.09214527330042364 0.07679963710458942 0.020956809090415737 0.20195681645819527 0.01327308571133814 0.03887368025273278
dmC:0.10675280853070838 0.014410509154040959 0.03356189655687623 0.04083200707143571 0.26234881767353313 0.12510126134905358 0.007408483769952629 0.14280839395242598 0.14012738893845236 0.0018428448112164796 0.08632252215756796 0.038483066034736425
y:0.07750339465399197 0.12386608857015026 0.009042868194354068 0.2005197478752775 0.11008612468929528 0.12495599176638277 0.10875299067353589 0.07111907043365268 0.015213179812081585 0.007371921893185177 0.033388839878350784 0.118179781559742
E:0.11500692984326781 0.014165021990555412 0.03726651962535453 0.021845821411298146 0.06805106604611713 0.10069384538870176 0.18543699701666083 0.04917339957480954 0.17086362466441285 0.14224780870650983 0.08767294944041487 0.007576016291897365
5
TMfk:0.20805080348208976 0.014319274442747316 0.00507162536785704 0.12990910899447825 0.13355206767997416 0.02127229324602362 0.0500693576126967 0.014821922839118871 0.03842743317425083 0.30315179741735865 0.011037794507836589 0.07031652123556817
oieNU:0.0630083440480986 0.08975271181972444 0.1680323795935865 0.020327984343997213 0.014568313999430557 0.03588953388987078 0.025869615203341738 0.01355356176434348 0.1606271212938069 0.07669523765699635 0.22259601370763415 0.10907918267916943
DuZ:0.016939723726371047 0.06971028626385456 0.00887255667975089 0.29490965817525133 0.1377501715863629 0.020444830129411683 0.015910238098904683 0.061632957952528974 0.016165692798893013 0.26175306053402814 0.06803557596854143 0.027875248086101315
YjEO:0.2856177270854268 0.05084289264493521 0.19003374386936936 0.02724861821571935 0.12923374767430346 0.0016118038038867464 0.12393282498861559 0.013713159678909825 0.04398766580653708 0.049507561241529156 0.03466665525463943 0.04960359973612804
WLN:0.14208846575907724 0.05624773491444484 0.034213963280798496 0.08746500784654951 0.060049354459230375 0.11675671791212644 0.07123608936214383 0.004213678248621274 0.13197876891372026 0.09092816272457392 0.127959966986501 0.07686208959221284
all-terrain:0.11329778285154181 0.004470885614869786 0.08382585429209868 0.021732298571610874 0.045018539841631566 0.21716211141189776 0.01688777913508621 0.07329993903320639 0.18956806828960637 0.03935498863745983 0.023371031125937917 0.17201072119505273
mud:0.09985624462186174 0.05596222717464797 0.06743912171477555 0.1041345183306303 0.039577399427259366 0.24787567271523356 0.1354349049758982 0.01798487400255769 0.001194581543291856 0.05514517219186095 0.008629752445662768 0.16676553085631993
low-profile:0.018874264143273003 0.023134349087819337 0.2016590890556662 0.042959334291111324 0.10554483463838571 0.039869233879820776 0.2415054652353391 0.09823470643568462 0.060682691740022936 0.04861307946014034 0.04405545223699747 0.07486749979573948
performance:0.06784852240172033 0.1063766922199267 0.06864532842946704 0.029449471330159422 0.10003698299131723 0.021221595984615194 0.013043328236633876 0.0336172059775089 0.3244812932183117 0.191569804933415 0.01446607892954804 0.029243695347376593
4 7 6 5 4 10 5 7 2 10 5 8 5 6 8 10 7 1 7 9 7 4 5 4 3 8 10 5 5 8 8 6 10 3 8 9 8 10 4 10 
0.04135685598646739 0.08335993629644436 0.011768264822985512 0.0057609245842523815 0.2206684579200207 0.27063406775490895 0.17378684291202745 0.1926646497228932
