3
0.701 8 3
15 45
dirt:10,13,15,
dirt-straight-flat:1,4,
asphalt-slalom:2,14,
asphalt-straight-hilly:8,
asphalt-slalom:9,
dirt-straight:6-7,
dirt-slalom-hilly:5,11-12,
asphalt:3,
5
za:0.241770415009873 0.07959860791615227 0.09128716455558948 0.08974541162151516 0.023635458040160994 0.0843696475482399 0.016088385650424253 0.15918857931295893 0.12281092219044829 0.058932386312130214 0.016865753457282515 0.01570726838522504
FMfq:0.20425306698097992 0.05831597454048006 0.03933552043132582 0.042261640319348884 0.013010433255167512 0.11544796850861196 0.06781975997560317 0.1970689593402923 0.009121206428228402 0.02403958595530858 0.11650301431623974 0.11282286994841348
E:0.02567264546803605 0.015741283453101274 0.15757746946391124 0.12759507218993463 0.014420011791678317 0.12933268906305243 0.04116291086878802 0.14558685509517216 0.04604668841751768 0.16270128631604505 0.1149707756537877 0.019192312218975625
qWm:0.051383940679714586 0.23212388871826287 0.09016445200221992 0.009063893303930395 0.010904484140593893 0.03476332459075395 0.13900207932023062 0.10969731629022086 0.02499885287591252 0.06088679347144924 0.23432197857156642 0.0026889960351448214
iS:0.07644432795241757 0.024819101689568707 0.0005789011542625066 0.02345871798971826 0.08699515495348592 0.06636882701472827 0.25260277688010047 0.07768001329162944 0.058715684485983674 0.1839129192073959 0.13790889518026986 0.010514680200439339
5
Us:0.013758807517608109 0.07560963522567349 0.14650916724549704 0.10690615809072254 0.04193751380111165 0.1087881356256731 0.23155165328130087 0.03008627384382339 0.03210954215479294 0.07865298537583779 0.13085782646352137 0.00323230137443769
ysRO:0.0139147913027899 0.10245872228688699 0.024050428856985377 0.031611364788609306 0.004090045159981369 0.28997846409888384 0.0013862467812873424 0.0023773230599812567 0.09811470806910873 0.02805989472820127 0.24979891995402767 0.15415909091325708
AEhoa:0.11239409192469138 0.10203671752985181 0.17725743766422014 0.0006393855103978403 0.07732300390401976 0.10525767397040132 0.022069293568178442 0.09226661199535867 0.01535165991138006 0.05515704141514595 0.0019425954188905664 0.23830448718746405
uSWlf:0.01161644235772231 0.036829923175842265 0.013063795160887279 0.20680624891068114 0.07009153387362413 0.1426489130675598 0.15255432116675527 0.024813962853795016 0.06680859552817034 0.037044219580221575 0.061980554139332886 0.17574149018540802
n:0.03860460596125363 0.09035358824675294 0.06808437327227224 0.09321030615223899 0.12051904690732652 0.08893827937725478 0.13514744263891834 0.15257077370740163 0.07467316435876092 0.07525903094628664 0.019811279649937168 0.04282810878159624
all-terrain:0.017965285519182205 0.034711490142377996 0.10671987835880911 0.05093695765217568 0.0009177739125777352 0.3463148382382839 0.01901126836193075 0.08174244727626123 0.003222332127684542 0.016283373180271808 0.12507836225965546 0.19709599297078953
mud:0.06847626442697709 0.0211766850750741 0.07667045238962121 0.03105510314910459 0.08093686720905674 0.0020758481476696134 0.04506960210752307 0.08686941470437552 0.08880413078879973 0.28772276621930304 0.17313799073354652 0.03800487504894873
low-profile:0.003646616685872459 0.02919958343301776 0.05621318006014695 0.07822317065716075 0.2799654522844292 0.01752600382951889 0.04734362193862304 0.02339679870689922 0.31119556805320775 0.033628867004401986 0.022311773518846105 0.09734936382787583
performance:0.022327146909659944 0.08799535400621465 0.0313879660162214 0.3316837917699294 0.051190755466618 0.003757285936260256 0.23608926049191356 0.01780016636693792 0.0867662090911691 0.04261968506901928 0.012453357041522596 0.0759290218345337
4 10 2 5 3 4 7 9 9 6 5 4 10 7 6 5 9 2 5 8 4 7 7 10 7 10 6 4 7 10 9 2 8 2 7 4 4 8 3 4 
0.11931542101001198 0.11244944150148783 0.14418635173038244 0.11293007555556513 0.2641398150316455 0.07704852253752659 0.10195803007027586 0.06797234256310461
