3
0.867 2 6
20 60
dirt-straight-flat:4,
dirt-slalom:7,9,17,
asphalt-slalom-hilly:3,16,18,
dirt-straight-flat:2,5,10-11,20,
asphalt-straight-hilly:1,
dirt:8,
dirt-straight-hilly:6,13,15,19,
dirt-slalom-hilly:12,14,
5
pkNUC:0.044362709821284714 0.20623703942255403 0.01506244460679613 0.10491475175098268 0.13288547857265173 0.006183948182655533 0.019919687483645265 0.01726198329655938 0.00420324922505139 0.05023666019168984 0.3454554845225954 0.05327656292353388
pxPEk:0.08729117352381176 0.05407560590859812 0.11796368497632691 0.09773307994187154 0.02802386135378862 0.06872431010480617 0.0833374962140453 0.10925613265019023 0.06524267892724407 0.03152934125743237 0.09622315764071465 0.16059947750117015
y:0.008278560465212782 0.14009864404215794 0.16659908013488453 0.2079432584586774 0.04103074248497702 0.008951700123785416 0.09424801898682154 0.007512745502002129 0.12979500698534274 0.11013355956104859 0.03559757746998948 0.049811105785100326
sI:0.013360429537635589 0.10422401371116996 0.07107986959524887 0.033417198592515504 0.3556793116591388 0.1150825868824727 0.08528546750377515 0.02741740168125371 0.0230728104627507 0.00962362356812352 0.002312743186875843 0.15944454361903965
efu:0.08334518261938165 0.031210554908775095 0.07305216898345608 0.000795968345770292 0.013985199189506237 0.18922384684089283 0.041774615579617334 0.09308840462740517 0.11636647200269978 0.1241629262928768 0.10774098706869623 0.1252536735409226
5
tZvlm:0.007861566638216157 0.11617011732429607 0.0488912395987786 0.00757067401553203 0.009774838110162396 0.15748471253149968 0.1549200991974691 0.06961407800083219 0.2422529423412118 0.030702265788739087 0.05332959591733591 0.1014278705359272
GVMOi:0.01183671711194614 0.04573439362253663 0.024712589224174034 0.22880172200544993 0.019201325529915235 0.13635164314328269 0.25989859885156597 0.05516971797730173 0.13684207016978636 0.004688422760899208 0.0569643619426663 0.019798437660475916
Utp:0.21824763499805244 0.16559325219135118 0.004117179699623011 0.13566001580705034 0.04047778845549621 0.05624314967657383 0.03678249027541436 0.049550874913964704 0.05028155738769524 0.007536411091176328 0.219728722336002 0.01578092316760035
Ho:0.0005127815789114799 0.05715863110063052 0.017145111816923204 0.15513140105324252 0.18278486524424153 0.05337678732254653 0.007002085569009446 0.012482722793307583 0.031058350011397458 0.09727237005762346 0.12052557756261172 0.26554931588955455
lc:0.2961184636522045 0.07431100850689602 0.03123124534922049 0.047025016655312106 0.10763464176114164 0.0260007012176486 0.15345388053928102 0.07624499787313314 0.08699326408662676 0.0073586688436360044 0.05393775369767201 0.03969035781722781
all-terrain:0.04512964037511676 0.0730645390045465 0.13620625108143092 0.09695092791070185 0.037619070069107224 0.3025655548617146 0.023356238894162856 0.08057807660201594 0.042851577533277486 0.004459734419403965 0.062216551468496396 0.09500183778002542
mud:0.030571975274045808 0.021903850973560898 0.11982194133667401 0.05467192429908633 0.0009864991858947716 0.22737756994728608 0.029929700392012436 0.343640567613775 0.06017731070164718 0.034665364345939344 0.01892214358053581 0.05733115234954222
low-profile:0.12993051016510043 0.038036192292821756 0.011248469011226003 0.31036960072656117 0.023626353439464703 0.20523216343288073 0.11048852353978725 0.02859332536504756 0.060612743697807864 0.01168523130752882 0.05863577959649797 0.01154110742527575
performance:0.025176866924108483 0.002023080766345927 0.1846074526229836 0.09367140150113716 0.0500326052613972 0.08067343103486038 0.08512809747437343 0.252938493143059 0.14486635100648615 0.0008759230086998951 0.05804751147811038 0.021958785778438596
2 4 10 10 10 2 5 2 8 9 10 4 3 2 9 9 5 7 2 8 1 5 4 4 7 7 3 5 1 5 5 10 5 10 1 7 7 3 7 1 
0.07826196547091753 0.30138047693868575 0.02291887875808101 0.20780216864098086 0.1919587010603015 0.00650554755224626 0.18337520939733779 0.007797052181449169
