3
0.913 2 6
12 36
dirt-slalom-flat:10,
dirt-straight-flat:9,
asphalt-straight-flat:8,
asphalt-straight-hilly:4,
dirt-slalom-hilly:2,
dirt-slalom:3,7,11,
asphalt-straight:5-6,
asphalt-slalom-flat:1,12,
5
FmVEy:0.25941821548504473 0.05426080254866514 0.08528581832462602 0.013222123407540268 0.19352686851012715 0.03000648331215025 0.11660027798121422 0.049621730349238675 0.019553025625642616 0.10856329439020272 0.06368594327454005 0.006255416791007846
nc:0.01851648852203719 0.06212744371335498 0.026680087741242923 0.028388476869400225 0.05033175735436835 0.052816859057158286 0.12507341907693212 0.35443084085866394 0.02819842095609248 0.021103429483645308 0.021420921725200458 0.21091185464190348
q:0.072689601414876 0.027362386299439767 0.11456158575379659 0.11979703659269811 0.09315730906915559 0.10853765058304622 0.015721663271117705 0.08656153056384006 0.005383624239647794 0.00962819330869124 0.13496017212010727 0.2116392467835836
sqhM:0.013021836607643668 0.059759162385974535 0.014382923590473377 0.062388207314569566 0.09696737721648249 0.12173661303230719 0.23914732397059138 0.12526219952147444 0.12184126786168128 0.0690943767385165 0.02785297205811148 0.04854573970217399
Q:0.2412997543461369 0.08688988611884031 0.04715592897208257 0.2081892046942384 0.03475699302433393 0.022380710005785693 0.0112616093105112 0.26055998320981744 0.05142318854582683 0.014905706429190514 0.0004514452934012526 0.020725590049834864
5
TVbz:0.00010366962828717463 0.09059042356933494 0.10143786876329061 0.17526595311500107 0.011263277121192568 0.013223317117638246 0.13239871917662813 0.10763741924756966 0.20771029427026855 0.012154166511847843 0.006008408795167114 0.14220648268377414
qKe:0.14193079635755187 0.04564192428371368 0.09217938999074073 0.09549953711131068 0.07911745386374365 0.06033568720819954 0.24787482016525503 0.03470393799461333 0.06204842009496462 0.03589292062553939 0.06994526196897996 0.03482985033538764
wHvy:0.08917265154957436 0.061622455059721255 0.06372480475360975 0.07125670016196604 0.04541973440454745 0.10519048247130994 0.014899424004047911 0.14755967607933526 0.08105125315602116 0.09050134024457053 0.04063990696382293 0.18896157115147333
VUqv:0.16439016895107147 0.07662068233669857 0.05962635201664586 0.01621833301700155 0.20185975696751268 0.00952541841040151 0.03138293369280714 0.008495529557570663 0.08693848746777817 0.12752902797113289 0.019159175023144327 0.19825413458823526
Z:0.13194962974564375 0.05141450436617067 0.2898330413014897 0.05934677540430631 0.12724534768935844 0.04998036902991692 0.01994324312124536 0.06574455919728324 0.058944103064696114 0.1164442974892582 0.017867329634925013 0.011286799955706204
all-terrain:0.11304719083010135 0.04557930991377462 0.08656793159047248 0.06721137403567136 0.10894147435144652 0.032859230440357795 0.013507056753000051 0.18380762046827492 0.051785997624763484 0.01592058636720654 0.04435251125274248 0.2364197163721883
mud:0.4319307603000133 0.1403439864971774 0.047965716964261655 0.007086985891250446 0.18915605356551796 0.052851254714710354 0.007873015968359782 0.023864995870755384 0.02677974280223227 0.021763410325583425 0.04803767398716668 0.0023464031129713766
low-profile:0.024600401951976787 0.13796888353281161 0.015728695494890695 0.05945915310760274 0.01752807025106476 0.1686370374437774 0.022308775853661394 0.0358617976695231 0.12315561771684962 0.16001696459178694 0.21495337365965475 0.01978122872640019
performance:0.05637820198302247 0.11449086926697497 0.04321299837461041 0.23075153151803268 0.027524522345859816 0.11481525847818988 0.003316517446687436 0.02660346326530881 0.029998611095361526 0.2124713988321649 0.0864588732121155 0.05397775418167166
2 6 9 5 2 5 4 1 6 9 1 7 6 1 5 2 1 5 10 8 7 1 6 3 4 4 3 4 3 2 6 2 4 10 4 3 10 2 5 2 
0.034257508742579705 0.30433067245771683 0.26701694859088265 0.01167342969387812 0.09703685816166271 0.19897239270192038 0.021905424421152325 0.06480676523020734
