3
0.663 2 6
29 87
asphalt-straight:9,14,17-19,27,
asphalt-straight:7,11-13,21,
dirt-slalom-flat:25,29,
asphalt-straight-hilly:2,15,26,
dirt-straight-hilly:3-4,20,
asphalt-straight-flat:5-6,24,
asphalt-straight-flat:16,22-23,28,
dirt:1,8,10,
5
bDBBp:0.052674110967371915 0.05326338745767173 0.007377848865373164 0.01116850129692329 0.04137049874556924 0.030884079729359453 0.010501373584877073 0.1483911035109805 0.10102714179076581 0.35147385619942545 0.03774129899664278 0.1541267988550394
Lf:0.3088576809436959 0.018866156461003404 0.028115624243383056 0.2252959589148623 0.08310426699231527 0.08706019007685173 0.011433695921169086 0.024795877274090692 0.02268510430511296 0.07688522676743957 0.054682937003685435 0.05821728109639052
XV:0.21499653531248483 0.00794133059356614 0.03714986323978575 0.052005502164265735 0.13037230163316157 0.11714596617381134 0.1349385110867823 0.07291071824296551 0.011452123074686757 0.1787784154179786 0.007997263901815311 0.034311469158696206
Lo:0.13425757858840118 0.1645837599561476 0.002569832262751079 0.010002414886475589 0.021481524578564972 0.03732971415527003 0.06776268333858819 0.045715362382816066 0.17006559870462945 0.012445135791142778 0.14840540091104437 0.18538099444416875
TGR:0.058186837794429014 0.11014800128961807 0.13612870873026076 0.08536407021254531 0.02437904456816808 0.060117221986833676 0.024705231331404117 0.06935366254855055 0.1848966875061377 0.13424843969848513 0.07959079016383393 0.03288130416973364
5
wao:0.011521943422755743 0.13038844785903023 0.0022944313598442976 0.17493304845745666 0.1771278448940642 0.1002650473925656 0.032533257221725946 0.14514157142677958 0.03293639999272271 0.043444734785650314 0.05571840669170663 0.09369486649569796
ZUmAO:0.04553611309559262 0.02457700965607436 0.147268712577199 0.09016756236278771 0.1480895300395817 0.08711351543474616 0.18057270041178836 0.06360208319128542 0.04751194339231841 0.02834177561243677 0.11175014557696067 0.025468908649229013
GzB:0.04427591999201662 0.17171115700610273 0.0999594839121364 0.012657807380805993 0.012488814772641573 0.04253472196492962 0.0900355639158432 0.2889333668642653 0.005564409001004724 0.03405266958436524 0.022697514831329473 0.17508857077455908
p:0.09168734162346007 0.023256485654310936 0.010304404222617797 0.16796498451377728 0.024091983490204145 0.0965746155771373 0.010905639430219374 0.1985980624979959 0.01575592698102589 0.004222129516504393 0.25149327022840495 0.1051451562643422
ZOu:0.03203517353282468 0.10839181814057235 0.06638351384960012 0.0983099670594213 0.0032824626343499847 0.10022058996911005 0.16777173998281378 0.02065362527451869 0.041004989809470406 0.047792002940601416 0.21455118464370973 0.09960293216300753
all-terrain:0.04427992619918516 0.18308622834998292 0.07105899588036581 0.10995917967618343 0.1386229793782269 0.008812538016075374 0.08649479726553913 0.11893804182011472 0.07428592564402965 0.058084471946024306 0.0444133460833576 0.061963569740914964
mud:0.013888098841557252 0.042598015634867 0.35266301715468035 0.007779594372199343 0.03457985785590759 0.23112183876301015 0.1324125956976213 0.001249803221586568 0.07859117063663425 0.010385672526487135 0.014239018760694878 0.08049131653475419
low-profile:0.23190255317014324 0.17923263130192899 0.011975161175730003 0.15513968468572395 0.07980933649221539 0.027610227366416197 0.03193197487726713 0.08118928712905371 0.14672271338167311 0.023773153046770037 0.005679265548054189 0.025034011825023947
performance:0.0769513384802135 0.1561325548382614 0.07501272772868044 0.18894791598047062 0.04755604661601686 0.18750886030566555 0.028832244259252578 0.03370071169942344 0.0023636104010224747 0.038402577420787135 0.012929138679258644 0.15166227359094728
6 9 9 1 8 10 3 6 8 10 10 8 4 5 2 4 9 9 6 9 9 10 1 1 9 10 8 7 4 6 7 6 1 8 6 8 5 2 4 5 
0.0665253519997138 0.24472096827576534 0.10597145936245776 0.11108794081771416 0.09665443561820186 0.14859025691982702 0.09027341171814006 0.13617617528818
