4
0.9 2 1
30 90
dirt-straight-hilly:1,3,7,22,30
dirt-straight-flat:9,13,16,19,21,23
dirt-slalom-hilly:11,14,15,17,29
dirt-slalom-flat:18,20
asphalt-straight-hilly:10,24,27,28
asphalt-straight-flat:2,4,8
asphalt-slalom-hilly:5,6
asphalt-slalom-flat:12,25,26
5
mazda:0.07422358269615241 0.06600302437381271 0.118723759097207 0.14627284924251333 0.07315821923511412 0.013456776614381256 0.09501698365228088 0.007699358373839588 0.17106122894425443 0.16380224236656274 0.058382362957315435 0.012199612446566135
toyota:0.12236168827752777 0.14155882070726036 0.05810022064844474 0.006995742204133789 0.021879541784861983 0.06373897890651747 0.041759719783465356 0.0520973901559576 0.10044066074370792 0.2266810329573501 0.1596504600979317 0.004735743732841203
ferarri:0.1260631714325758 0.3646185464070838 0.017347570150178432 0.017953033083067282 0.046915317345909306 0.013397069916868912 0.06635879965963741 0.0024386789205971416 0.03236769259536676 0.1646853959862359 0.12455217183582662 0.023302552666652813
humvee:0.0968566527534838 0.013701767556222141 0.06260421371869328 0.26790716446211005 0.020348892538513443 0.000522669876411888 0.06524166436577865 0.25539332311813023 0.00031401619154827276 0.06616488715070172 0.08889695184064965 0.06204779642775669
go-kart:0.07587510816112944 0.08237040524427809 0.0035741543973432832 0.010364397875589484 0.08664457681484743 0.15350665660147325 0.006995619570433708 0.006392906838302961 0.08323703866618944 0.2863308058509311 0.06349366928401932 0.14121466069546235
5
stig:0.3311173549141485 0.02864968602654458 0.04848278308721504 0.07518360899641308 0.03312463160256044 0.05108981991568646 0.042269447770918706 0.010180771877015327 0.2787480371894887 0.07457857532256482 0.018747716570202987 0.007827566727241409
schumacher:0.04461850492985415 0.10195135719816857 0.18340194845111432 0.23613527417992058 0.07835240888429337 0.020529048863646635 0.05847824434929225 0.03921593501302301 0.02668717297289298 0.06715692042110605 0.014408509417806007 0.12906467531888213
anakin:0.27540357995276915 0.03274364270033342 0.055133518362539866 0.22667116709586427 0.07128048817300678 0.030370353043903592 0.001667110448851482 0.03953421626086812 0.021008396470071224 0.07551281611710454 0.15987812815144378 0.010796583223243818
mushroom:0.056147439671830016 0.008986809366950899 0.003215332956740663 0.19516332618695723 0.2684471687192921 0.18703824505425504 0.057975107995975314 0.014279105494608788 0.024180041002248184 0.05720095772939829 0.015593627450479552 0.11177283837126417
crash:0.15133436315005502 0.029069544448549173 0.05805642314328414 0.12292758369310303 0.2605342526738772 0.000610893098867669 0.015131322733882582 0.008426557889239317 0.0021343047134479206 0.025119567366662543 0.1967951898333102 0.12985999725572103
all-terrain:0.039937965099419194 0.052531445023416834 0.07434067799512084 0.01195212979459785 0.026015720643839647 0.0463005996794823 0.02384480289518548 0.12435531365696045 0.06817345003971795 0.32141311125273847 0.181197463408475 0.029937320511045865
mud:0.25102190752606623 0.06396351063776128 0.08847401153935215 0.04871904235474152 0.08257230451109832 0.024712944076807405 0.007203516657577771 0.060872865095066814 0.009493999540296698 0.16962699207017282 0.15218991156712774 0.041148994423931384
low-profile:0.06347964540153368 0.17583649737931262 0.10321903413121436 0.09220275584068664 0.1535803337417335 0.019213000324061275 0.03249045502646161 0.059662289126529065 0.025306195597649468 0.19762656111395077 0.07600246304613943 0.0013807692707275183
performance:0.06189318633912254 0.18025801597676386 0.09100799398674399 0.2112987290238557 0.002804143305520661 0.1114150599908731 0.07634039420617565 0.0039775797959500075 0.052018311482391194 0.06851447754481974 0.03289966500733171 0.10757244334045185
1 1 2 4 1 1 2 3 5 2 1 4 1 1 1 2 4 3 4 2 3 5 3 5 5 1 3 1 4 5 4 1 3 1 4 3 2 2 1 2 5
0.024326458233638663 0.08548705557694339 0.22316327310901848 0.09681376038361081 0.021261852527222277 0.4143911793151532 0.1171990651257766 0.017357355728636555
