4
0.53 2 2
30 90
dirt-straight-hilly:4,6,9,20
dirt-straight-flat:13,18,19
dirt-slalom-hilly:8,11,15,21,29
dirt-slalom-flat:1,14,17,26,28
asphalt-straight-hilly:
asphalt-straight-flat:3,5,7,22,23
asphalt-slalom-hilly:2,10
asphalt-slalom-flat:12,16,24,25,27,30
5
mazda:0.04972553725838554 0.0821354036486232 0.059725841916080505 0.023557824565213173 0.0025857117895907063 0.07289834461705764 0.043652430942689543 0.06181736867126862 0.4054960023923954 0.13746457938722972 0.02435622469242827 0.03658473011903767
toyota:0.06847230968156724 0.14170862954174426 0.2440986848716022 0.0733895660490319 0.03323292784686134 0.06266717655202574 0.05486334676508535 0.06419895254811525 0.013795535670529331 0.14015376668502152 0.00174583347287699 0.10167327031553865
ferarri:0.09729141902623656 0.06255665048296682 0.06017623542983958 0.05099682815520833 0.06930269742278573 0.09484233513538495 0.1879555556908028 0.049923040989976505 0.02579424492177125 0.021018870141975426 0.18523716813076666 0.0949049544722852
humvee:0.05230523808119974 0.007303859281329301 0.05622787905927304 0.002739133154906423 0.1798675580513073 0.12097808625922916 0.06664042096480251 0.11319247323712141 0.10779709367372647 0.05297310221561691 0.16971923367461597 0.07025592234687177
go-kart:0.04189300890273188 0.10217568962850956 0.14006116098168472 0.07755489036242771 0.010948789728467898 0.18684846803639057 0.06706060264646349 0.04465233884743485 0.3008888585490062 0.004875243407958281 0.01951900261537888 0.0035219462935459364
5
stig:0.0920813071426989 0.05384104843314464 0.0419620804652952 0.013709232148048813 0.028792975927867906 0.0033087317985036 0.08133879971241902 0.1352668447977269 0.17511169105043037 0.21446034348931323 0.011140048721323601 0.14898689631322787
schumacher:0.07826299875087533 0.03077770386678411 0.15301243576536655 0.03253429537185609 0.11351700153423824 0.18505669714250494 0.07516753850024929 0.023651921814775167 0.03352508958502296 0.05982115926306999 0.18976782970912373 0.024905328696133718
anakin:0.020080448411079175 0.14681033365036233 0.020931791462515566 0.25602541848564875 0.09869911118363082 0.04365399095978541 0.047223213579673726 0.018679152251020507 0.032152632283684125 0.07180798768714684 0.08052317097177926 0.1634127490736734
mushroom:0.22710499805512568 0.04251403132875302 0.018728004431323962 0.1211918319496631 0.17923945317566056 0.07030945071773975 0.06469680872706707 0.10288639279423954 0.08211228628935752 0.026328249676048535 0.02013140570027579 0.04475708715474526
crash:0.06622201743818637 0.026177791045948733 0.0018944227178286073 0.3531031086269543 0.01065800484655149 0.04885646388815013 0.21064201947531191 0.050382810819954514 0.0750781301702756 0.10645668100533348 0.04992001672611872 0.0006085332393860454
all-terrain:0.024692528286054262 0.09468009387755819 0.0997292849900586 0.12038998352921322 0.11036354730860555 0.014321382625893733 0.14660458492483797 0.22591487631202486 0.00551706789617939 0.1030727113905276 0.03803470192674735 0.016679236932299262
mud:0.24326371701140329 0.0037306253538140085 0.05561452817181222 0.06450908327195942 0.015422952719158563 0.0020659534216914206 0.08273864614594961 0.35044211253327723 0.014995647721153348 0.053849984447004035 0.05372749182540385 0.059639257377373196
low-profile:0.1691369486301949 0.1373620665946582 0.017355619446135756 0.00563286175487675 0.055284607766314074 0.00885699540079728 0.07231221449513288 0.19277473517289523 0.08931060124222374 0.2405056209073604 0.010227700409849202 0.0012400281795615468
performance:0.08678413860436374 0.055752263696260844 0.003531106639980394 0.0037963250069219653 0.371096507937883 0.0639339416260272 0.028542053131718797 0.009236903580421408 0.008725689473793869 0.16998655379887856 0.1077928625311476 0.09082165397260275
4 4 3 1 5 1 4 4 4 1 1 3 1 1 3 1 4 2 1 3 5 2 5 1 1 5 3 5 5 5 1 3 4 2 1 1 2 3 2 2 1
0.42503032970086785 0.04265352109540704 0.08288274846152123 0.01961875382813456 0.08990746314490689 0.06528379851900473 0.035372831195532334 0.23925055405462534
