4
0.56 2 1
30 90
dirt-straight-hilly:5,7,9,11,12,13,28
dirt-straight-flat:18,21,24
dirt-slalom-hilly:1,4,19,27
dirt-slalom-flat:2,23,25
asphalt-straight-hilly:6,10,15,16,17,22,26
asphalt-straight-flat:3,20,29
asphalt-slalom-hilly:
asphalt-slalom-flat:8,14,30
5
mazda:0.12585367493918956 0.019843204171441475 0.06753492469057777 0.048143553567660174 0.09350598451031596 0.024700261297952865 0.08012257253154077 0.05691881198328356 0.1275971037443358 0.21717800845091723 0.1305534282996248 0.00804847181315986
toyota:0.24914584509526075 0.17694117997280392 0.09981047597109348 0.04184656717566389 0.021738916507300764 0.1399927176359138 0.017014960767088264 0.12070281496167384 0.05624941808606284 0.043180844690515335 0.017521078033110336 0.015855181103512788
ferarri:0.03973203115461733 0.017815056690528533 0.05393320222185627 0.14126616131480244 0.003280089857020803 0.11568762262791936 0.220534927159237 0.13354112033315305 0.020530821043600298 0.04603612730316851 0.20287141958806126 0.00477142070603518
humvee:0.028077578177903396 0.37996568833792305 0.050013226151724245 0.009558184370306892 0.03633989349132966 0.0916804003855407 0.010818696578511759 0.09815200236793431 0.0063910548691495685 0.033532205666937424 0.15862023929687694 0.09685083030586206
go-kart:0.014635438848143301 0.08533354780319463 0.15456623187004534 0.1434970422258583 0.09313539082371776 0.3000692824897721 0.0021760283037745233 0.013618213216598351 0.0025349355443832905 0.07621863696486665 0.06182518305917154 0.05239006885047399
5
stig:0.17452402939275086 0.005948461899915671 0.019239354769276875 0.10434156254784001 0.02471609632482975 0.0006285599840118718 0.03454141172810167 0.3222202033967296 0.07373801926540449 0.0640139519142804 0.06397675851169653 0.11211159026516218
schumacher:0.003004809512994469 0.015539649297737367 0.032824117010619755 0.03784330515450679 0.11049583339174013 0.24142767849007005 0.0697804455089739 0.11332552782356112 0.08284094791264192 0.07970146809966748 0.0919119704080707 0.12130424738941645
anakin:0.16994592721478946 0.013035050174666768 0.15805069139454467 0.12388628481795194 0.1868562621860312 0.16775137189249334 0.0009428235075906841 0.013611190735150307 0.001035379207868398 0.03657519138326823 0.06090740716954239 0.06740242031610284
mushroom:0.0974665110067161 0.027091662218247107 0.03068855894688161 0.011636969771642396 0.007471944700876084 0.16175896197774653 0.036388602452510674 0.013750322205468951 0.0945791467286753 0.2696002560540955 0.14653442507994696 0.10303263885719272
crash:0.02611085238157547 0.012967731088356341 0.06819515407143584 0.09678535229207681 0.15285616173244793 0.03100998715006531 0.06281418295742314 0.0027467410175269886 0.4344317270430027 0.014977477384913018 0.06251025321349205 0.03459437966768438
all-terrain:0.17349060012747092 0.08301557527757467 0.0032806115741681736 0.019500347271741346 0.16287341395357433 0.1296777780993801 0.033660091424480724 0.008809018571100329 0.18076869455427874 0.0094544630075184 0.047353304974237814 0.14811610116447463
mud:0.05912881227286024 0.011472172944498184 0.13030970963498523 0.01962942963231429 0.02691881495910896 0.06235523069197674 0.060747862588958625 0.012517374390657907 0.05744746776149782 0.21504719023163227 0.08384661785400738 0.26057931703750237
low-profile:0.05919117458022665 0.11087820242861467 0.027544327267668024 0.001718221169514509 0.06121115849121242 0.14719263449202957 0.12961094662148473 0.06316878112716082 0.15060459478666968 0.03221096335279492 0.01739620236649144 0.1992727933161326
performance:0.12526158822273611 0.061674355618661886 0.1436490066491347 0.07761039866735059 0.08599735410892538 0.13703212372085719 0.008112369704921952 0.00866275099899309 0.07915158661716541 0.06598347208963866 0.12491490753591399 0.08195008606570123
1 1 2 4 5 5 5 3 3 2 4 3 5 2 4 5 1 3 3 2 5 5 2 4 3 4 2 4 4 5 1 2 4 3 2 3 3 3 4 4 3
0.14890496648508192 0.002674392016056549 0.44355817888571447 0.04153223000744446 0.00938483840072928 0.046717611231158834 0.0642528937757367 0.24297488919807764
