3
0.55 1 2
30 90
dirt-straight-hilly:4,8,19,24,29
dirt-straight-flat:14
dirt-slalom-hilly:2,7,27,30
dirt-slalom-flat:6,26,28
asphalt-straight-hilly:10,16,17,25
asphalt-straight-flat:3,5,9,12,15,22
asphalt-slalom-hilly:1,11,13,18,21
asphalt-slalom-flat:20,23
5
mazda:0.18002328592331965 0.195691659031713 0.07536381834080645 0.16207644812610422 0.10518825440000452 0.009670280774482542 0.05858975664518998 0.0019254255512696722 0.04436953175775068 0.050550644195014746 0.013583016800438297 0.10296787845390593
toyota:0.23263537692835454 0.05679928554683826 0.05320951482679655 0.06768101237327531 0.013272263923573757 0.046955283726009454 0.07051646645928016 0.10734605379441652 0.09318015603117942 0.010556546282745532 0.08566132994743313 0.16218671016009742
ferarri:0.04233454338974513 0.052147034291811015 0.17992731299026496 0.04779929764829264 0.005463319266742689 0.06196542267435351 0.0033632018796230624 0.02912360550825426 0.011245443235919576 0.44810053376689346 0.06730942727041901 0.05122085807768075
humvee:0.18540966300912537 0.010983309193488958 0.02752631003662649 0.15446671172918744 0.14018874282228172 0.06513330739418687 0.06069564165390106 0.09958183690220734 0.053638326888110606 0.06130610638159811 0.12702926622185787 0.014040777767428111
go-kart:0.1061500267726284 0.005122053269375798 0.12624515482000556 0.07177892813892009 0.08688612199956892 0.1774601656006749 0.10380225126087088 0.2073738728739462 0.04226074743316515 0.006202507480088039 0.0005589303393348572 0.06615924001142119
5
stig:0.04545764637567296 0.13046684540915315 0.005654155631029677 0.010278545667210636 0.23928263317651344 0.20386298863583754 0.1071155393711395 0.1351892237737494 0.016627831518040773 0.06040979472564927 0.03042686864158089 0.015227927074422701
schumacher:0.14894249192793116 0.09312220197182683 0.19921470722114507 0.07433137487324953 0.1485166986510971 0.03378064891172288 0.06174961514444796 0.060311404931551904 0.10912729826208073 0.051105693673029744 0.017635568654987107 0.0021622957769301034
anakin:0.0469338189667837 0.06436246234177687 0.09780274483433528 0.0465253764511079 0.09160464738545479 0.3412298194482171 0.06305503834068053 0.13191164035323685 0.010965209088606782 0.04959167920762138 0.043722826571257034 0.012294737010921982
mushroom:0.03630553100690167 0.011854552918561372 0.05445795813261356 0.15493845788344388 0.06369263879360065 0.06775583843537784 0.2809865664849286 0.022866169194808595 0.0031749033195363242 0.1658536286847024 0.09116794185221526 0.046945813293309956
crash:0.07782916081857015 0.17151694787966018 0.1182693076803201 0.013361820265341034 0.08604972430771524 0.01256981971043663 0.06756706133805754 0.0812798053974023 0.06486916490234337 0.04583745649404279 0.08087294904080952 0.17997678216530108
all-terrain:0.1373306200563654 0.011210993016878211 0.11568126309926079 0.04063843950362544 0.006100346189277173 0.13978334247404428 0.0099038530994638 0.01199084334907848 0.010526558576711057 0.4259802620484009 0.02715156436168398 0.06370191422521043
mud:0.06976845484573885 0.0009073895383528663 0.1703095451675395 0.13393383680390203 0.12544946220016495 0.06345138103524861 0.04765510614363393 0.17169568676361188 0.04376362954900128 0.05420544086328974 0.009872784406497009 0.10898728268301933
low-profile:0.09516442861035702 0.00017587294111039094 0.11909183250355561 0.11478038385481257 0.00870420328832175 0.09300619022106833 0.14115792438560076 0.02338357375048352 0.025997651155498853 0.14367749134799027 0.0010350904304348204 0.2338253575107661
performance:0.15093944131594375 0.12147469955175424 0.015104515905681123 0.12008226058991127 0.044688154971051816 0.19136130566071524 0.0031315554052474643 0.12270969656991484 0.021956986338412893 0.03378236286440653 0.1484525689674664 0.02631645185949465
4 3 4 4 2 3 3 4 2 1 2 2 4 4 1 4 2 1 1 5 2 2 2 3 3 2 4 3 5 1 4 4 2 3 4 1 5 2 5 2 5
0.010787221326091126 0.10983694198889243 0.3202969633175106 0.02123932856982009 0.17615614296704277 0.06891897459340005 0.16712597810780513 0.12563844912943767
