4
0.98 2 2
30 90
dirt-straight-hilly:9,14,24,30
dirt-straight-flat:10,18
dirt-slalom-hilly:6,15,19,20
dirt-slalom-flat:2,11,22,23
asphalt-straight-hilly:1,5,29
asphalt-straight-flat:7,8,16
asphalt-slalom-hilly:12,13,21
asphalt-slalom-flat:3,4,17,25,26,27,28
5
mazda:0.04502002846843282 0.02193024828021 0.2258513355345261 0.10682393847069484 0.16992411776518426 0.02105845778517897 0.024285044726428874 0.0920087359925938 0.13905223100118158 0.09124587097020506 0.05282424963527825 0.009975741370085342
toyota:0.05722704384731089 0.06556245349172429 0.12848634103946321 0.15744529778831776 0.06513875060357197 0.10055491202114458 0.24431985716968946 0.08189537112589418 0.001056851585863415 0.03496698993885719 0.03949401377646889 0.023852117611694368
ferarri:0.08052881480446637 0.11797171676820192 0.11666207107599205 0.11313778673616444 0.005235724607193099 0.03880565764944349 0.011473346026002683 0.25458146387358854 0.06364263377413984 0.04178004947851206 0.13790203373202883 0.018278701474266836
humvee:0.15296044680748708 0.17431597024400877 0.00747030877051069 0.036316046201480524 0.019126258635753093 0.17199414638111224 0.040340631896300355 0.06722907086634392 0.033198394786597314 0.17665214299843582 0.08577243822617216 0.03462414418579795
go-kart:0.03405564222476257 0.028822579291470935 0.19078089704709264 0.13223636869721608 0.17637684729520087 0.037011468013699374 0.1403048164606386 0.06182599691101128 0.01507241807340543 0.09156317535571679 0.002337586150014307 0.08961220447977128
5
stig:0.0014525487948239026 0.08140572623678906 0.0318153422592854 0.06431181996115252 0.0807592304490582 0.29572314697223306 0.06388722764746997 0.04598779656105913 0.08130165989486958 0.009579549163805278 0.13325596415282753 0.1105199879066263
schumacher:0.08388320043955624 0.1485568972820782 0.10859429199033609 0.055274625054199555 0.01586325309504735 0.0647740957085596 0.001901440459507113 0.016930813993412962 0.01094743866689355 0.10027579501012321 0.07587744843797645 0.3171206998623098
anakin:0.06779371471237433 0.0782990746440797 0.3251498126753298 0.03723909001130691 0.04776424389101094 0.006640297442568755 0.005782851948544527 0.30354947810159943 0.02837508681526542 0.02292027257923474 0.038687800930948625 0.03779827624773698
mushroom:0.014603120287353175 0.06727137208602905 0.1035394670044796 0.05598192675841397 0.04151610348794022 0.07446415841800705 0.26580790338109683 0.07638605345341289 0.1032089592683343 0.019421427493658775 0.026784343020018038 0.15101516534125606
crash:0.07969487486509617 0.056746255366252406 0.004917439171666475 0.35708534372779077 0.017979862886486613 0.0019033179626884921 0.072376141661822 0.15926578349843434 0.07575382663471042 0.05152383763715392 0.07998412923860856 0.04276918734928995
all-terrain:0.020389023315436728 0.06140120447213804 0.058215152588383605 0.1565572060953281 0.13764332624573167 0.2269768383676172 0.013805806704576961 0.06254922862291365 0.05470841559858522 0.04597442477241916 0.054525177349404284 0.10725419586746539
mud:0.022714207294717733 0.00032362397899575224 0.010707726622611588 0.4499383613579011 0.021091885261737827 0.1111185837164122 0.04964111141956906 0.09514581553432179 0.12313436546697355 0.025374607976681084 0.08655331374228055 0.004256397627797698
low-profile:0.011001748528146789 0.11322676200817647 0.04128515879124814 0.18395054478698777 0.004183713417345834 0.014094458172480982 0.02654943231211493 0.004801989292759376 0.08023593284268861 0.2231184536254315 0.2193793827637675 0.07817242345885217
performance:0.11627628239912267 0.17545595489906265 0.08952707396580124 0.040552037443744554 0.07849142525275501 0.1314147049682484 0.03779854124464847 0.03888885959275376 0.028833907303372947 0.09044758663374952 0.1079917225348541 0.0643219037618867
3 2 2 1 1 1 2 3 4 2 5 3 5 3 4 5 3 3 5 5 2 3 1 2 4 3 2 1 5 4 1 1 1 4 1 4 4 5 2 5 2
0.00799575184945631 0.04138646426294445 0.15610490342725547 0.2328601175233193 0.2029650469451004 0.32818966036464703 0.006333625565038084 0.02416443006223879
