4
0.59 1 2
30 90
dirt-straight-hilly:5,6,8,28
dirt-straight-flat:4,27
dirt-slalom-hilly:2,7,23
dirt-slalom-flat:3,9,11,12,18,30
asphalt-straight-hilly:22,24,29
asphalt-straight-flat:15,20,21,26
asphalt-slalom-hilly:1,10,13,14,16,25
asphalt-slalom-flat:17,19
5
mazda:0.26715745772621624 0.12096880204138001 0.14858519528543598 0.18187459044661655 0.0227425774911759 0.14432760639808281 0.008502955581630745 0.010483351211480047 0.012199510193466502 0.012227837659496305 0.0016777926147156705 0.06925232335030318
toyota:0.07641565634027617 0.05587531195597777 0.09734461678750413 0.05383982970239918 0.3013458135164727 0.017324431756373243 0.08081689070628205 0.025100536702682065 0.20031725463188646 0.06287281994147752 0.02493196983959146 0.003814868119077265
ferarri:0.1010602895867373 0.09306371464659517 0.01305807624399734 0.10369441111059505 0.06643725588468324 0.01056136630434699 0.023878985532993342 0.0760411154406422 0.24206570240546824 0.021546208646677147 0.22599879716317975 0.02259407703408413
humvee:0.08572362439628627 0.06096716658015665 0.2445843363571262 0.08959551896276424 0.06170851411636527 0.04886876255370583 0.01005690889622923 0.047378748491077295 0.025191825266287028 0.05437662162159004 0.15338472676661052 0.11816324599180146
go-kart:0.08817306825112857 0.04504656991265242 0.14753046142186854 0.050603121111359534 0.0671505424668679 0.15590173294460585 0.07191528985816976 0.03950493001096787 0.0037655907118782513 0.3049186845892794 0.005214917524159273 0.020275091197062587
5
stig:0.033802229444243055 0.09459190914921727 0.19949933857704438 0.016081057971698263 0.08103477943855732 0.08526280890589376 0.029692848871457227 0.11470448148941093 0.04369968300872504 0.08877233381119684 0.03900113487512243 0.17385739445743364
schumacher:0.0007059778258728212 0.05004121105158004 0.1560113214002787 0.31853425037493405 0.08392153185983957 0.042233024341955604 0.09305684635318313 0.025650915097640174 0.03966773269897934 0.03270405469018301 0.10752705498975557 0.04994607931579777
anakin:0.05992751844567821 0.025215400120640937 0.028006150743521464 0.11470827794224582 0.11659124939635312 0.036099954305449954 0.1806513903529954 0.024150388445802022 0.09793840447934397 0.13006424144137363 0.1434570309904599 0.04318999333613579
mushroom:0.10676238976914655 0.06254695035916896 0.135972535382857 0.03703818341724104 0.1977433418215405 0.06026259767619775 0.05019783636145371 0.019248165752115666 0.0641484717081699 0.21275078504167402 0.043043156998371995 0.010285585712062784
crash:0.08567835547145584 0.10628191285640425 0.0011435577868908818 0.14001205683592238 0.07256581331188514 0.030240718749534653 0.15339179684366774 0.0298436638990766 0.07035100485340003 0.18469125086636567 0.11468757350160591 0.011112295023790877
all-terrain:0.16199502183059175 0.0248752546816719 0.06218135006411207 0.2208460351333562 0.016011390229730298 0.15059893498655683 0.04592876908292094 0.0408303388845184 0.024257004305396443 0.10234570454895947 0.11410919423396776 0.03602100201821798
mud:0.11463724746921301 0.030103864845673876 0.22657543374958428 0.01658686832734296 0.16437560446711227 0.042434335664598435 0.024835711008045814 0.024569223247446884 0.19006050101779418 0.017775414959300937 0.12000999299385372 0.028035802250033572
low-profile:0.07981099919351196 0.016780692111216005 0.16564733012722066 0.005566697481047331 0.03613257435452711 0.0632691564434997 0.029216344843225855 0.049066031642713996 0.042862782458987655 0.2149655417205875 0.26663303489818163 0.030048814725280638
performance:0.045982442452518424 0.24688943590473839 0.0025504834904279553 0.12915356778730155 0.10780714744866862 0.019337953091720612 0.2539924630055331 0.01510464180804588 0.06594870157948184 0.029227869465132242 0.05382214138165577 0.03018315258477585
2 2 4 2 1 1 2 1 1 2 5 4 3 3 4 4 4 5 3 2 5 4 5 4 4 1 4 4 1 4 1 3 3 3 1 3 5 2 1 5 4
0.18612941442269815 0.3865303483106601 0.026081691231079035 0.060882505483035684 0.13152442219968796 0.027943899164038808 0.0923332934491012 0.08857442573969905
