4
0.94 2 2
30 90
dirt-straight-hilly:6,14,26
dirt-straight-flat:4,24
dirt-slalom-hilly:7,15,18,21,28
dirt-slalom-flat:1,2,3,17,19,20
asphalt-straight-hilly:5,9,13,27
asphalt-straight-flat:12,16,25
asphalt-slalom-hilly:11,23
asphalt-slalom-flat:8,10,22,29,30
5
mazda:0.02029581752811219 0.14483655385439723 0.06769768262472498 0.09619827889508165 0.14783047534124863 0.09669928000213815 0.11735891179035816 0.10862659475386893 0.0782305158777982 0.018180779954013137 0.04002049548536784 0.06402461389289064
toyota:0.15355948093901414 0.03362382629262066 0.11135862211853105 0.03236187941459353 0.006552493916797507 0.018277936091297756 0.022833761620174548 0.04624815977808643 0.11240929140904041 0.25386731126525325 0.20178879839365146 0.007118438760939226
ferarri:0.1617095654965216 0.05268904344800846 0.2762569442360628 0.007015378987557653 0.00997943903078424 0.010370432061640601 0.09292869721077984 0.013648501702466762 0.2729365495098423 0.021310927883978075 0.058138595969431654 0.02301592446292612
humvee:0.040757118318442864 0.08303376313924399 0.07367179282982021 0.10892112765349751 0.08722068816883491 0.1230861680054712 0.05597088153794415 0.08751290279408169 0.15567354291375837 0.1116577962294713 0.006397028404376178 0.06609719000505757
go-kart:0.2772865536993807 0.05914665976923029 0.06329866737556566 0.09326076731543098 0.11659980816460166 0.007674274396447303 0.22589452909868268 0.07710496613129222 0.06777648488231532 0.0024772953563625224 0.008214589749639033 0.0012654040610517447
5
stig:0.08641311384103824 0.009130768715730299 0.057009727617490555 0.03218212707962075 0.1545618835942491 0.0010376442621704079 0.038874081165304206 0.29367750248435703 0.08470342106533445 0.05728678638927475 0.008692087019902447 0.17643085676552772
schumacher:0.043025366600031804 0.21593084569616403 0.33250608470088583 0.018533313737584975 0.016723809014938043 0.015261957271260273 0.03457497397653583 0.012876187018512375 0.07107731036178468 0.029779169785467092 0.17971815189196602 0.029992829944868973
anakin:0.12222645099811291 0.21469969641143183 0.022370382559604766 0.11409042255756734 0.1408550665117291 0.1419962867419152 0.0012013266293431609 0.0031862541782784986 0.14595540295836756 0.017009348288651173 0.015677199118288583 0.06073216304670968
mushroom:0.07964259081958926 0.17252795357326747 0.014166273823545994 0.2017689359064187 0.015029864711817593 0.015822799426094915 0.0760037866194577 0.1736869249397667 0.10925733835617163 0.014312231110430599 0.07758214426301363 0.05019915645042574
crash:0.03545178703763094 0.213554140753615 0.04001402524209277 0.15136756185410727 0.09238973984276382 0.04897992407075635 0.14750275750446876 0.047283003553950174 0.002788640834308195 0.15094076463327752 0.026141129330447065 0.043586525342582304
all-terrain:0.15513872558831474 0.11536041842078493 0.053719184094081225 0.027187415678632344 0.13754995270475145 0.06276188825100626 0.02180538986769315 0.044641696091410284 0.13456367260829316 0.022229327499929386 0.19092839493177444 0.03411393426332862
mud:0.24514806375622944 0.03809524078528777 0.061803308475785086 0.050348658881316934 0.06995313424028388 0.03996472333988265 0.0322276412498916 0.0009219208528145068 0.17910653789551695 0.03622200681638685 0.18671706695606446 0.059491696750539905
low-profile:0.03294724588234104 0.37733604786937225 0.019593629807394073 0.08829607727593188 0.1518973384061402 0.0042121278401551585 0.08254646341496032 0.06582132710791061 0.11996863129582631 0.011731703254037721 0.04193112009691416 0.003718287749016044
performance:0.003735935641149685 0.017345579902977106 0.34384987151419133 0.014755993340220545 0.13673826194811842 0.15658861985033276 0.03992086528732105 0.014590950379251347 0.06361133331100524 0.14597493948745624 0.016249841120813402 0.04663780821716294
5 5 2 1 4 2 1 4 3 3 3 1 3 4 3 5 1 3 2 5 1 2 4 2 2 1 5 5 1 2 5 3 3 1 2 4 2 4 2 5 2
0.03325354638961985 0.030047666510189083 0.06591482638626739 0.189668863456815 0.015851609663405368 0.3344605726162844 0.14038006954136364 0.19042284543605517
