4
0.82 1 2
30 90
dirt-straight-hilly:14,15,21,24,27,30
dirt-straight-flat:5,8,11,16,18
dirt-slalom-hilly:4
dirt-slalom-flat:9,28
asphalt-straight-hilly:
asphalt-straight-flat:17,20,26
asphalt-slalom-hilly:1,6,10,12,19,23
asphalt-slalom-flat:2,3,7,13,22,25,29
5
mazda:0.07345857782468344 0.39529175401231614 0.034243526866355414 0.026247957936340414 0.005288356249795798 0.07697051327508204 0.1267362015115144 0.051187818377830034 0.013625053985189595 0.024907216884494186 0.04875165175033717 0.12329137132606141
toyota:0.22239349428684696 0.018439776655068026 0.0764634512442689 0.06115334899768125 0.10069443597932369 0.12732998512541302 0.013899521303350865 0.12157684239043688 0.0010582251851038549 0.013723280573904205 0.17279079610241385 0.0704768421561888
ferarri:0.008178585537677871 0.14926739113710277 0.08459506265863637 0.13729321477378115 0.012384055773781998 0.053931847225431574 0.07113134013780525 0.005389172881758554 0.006511015177436801 0.08523266794989498 0.37202197022245587 0.01406367652423667
humvee:0.17047592017617164 0.03827228671527335 0.03573057258425879 0.03932590724420444 0.02354380840590637 0.10054647944890269 0.020771087921681496 0.260881869946867 0.11000362974196035 0.09935563015958276 0.07697065531106816 0.02412215234412288
go-kart:0.25513928427622684 0.1318077219630431 0.1175429222382758 0.012362231996103446 0.028155523520633045 0.11998533306110484 0.0641492339898539 0.05298609418369262 0.009937740453151026 0.07864305175430795 0.007352841332515027 0.12193802123109228
5
stig:0.024586547642936264 0.05587027033424783 0.06324140921697889 0.08275534015545354 0.006726727388400398 0.0177923982169662 0.059716102952529486 0.01331932356915234 0.16394090415199933 0.1863279619874167 0.21322735357616324 0.11249566080775555
schumacher:0.17036693813027548 0.12625526430949807 0.16101755276727256 0.12143878164462185 0.05489531931585424 0.12037890089515352 0.055778445873317706 0.024704803381180793 0.04250358609886207 0.025210705784482795 0.07110163076053398 0.026348071038947127
anakin:0.03991860523830016 0.07342340636882998 0.3010148761550892 0.1384787949824561 0.0030136550393166863 0.14185203524039613 0.04274005474701261 0.09042814022505406 0.028217292215482165 0.00953056212252194 0.021383343438999884 0.10999923422654137
mushroom:0.07947513266391268 0.009987394094574711 0.07818857797740338 0.0473750978516505 0.040825837534009576 0.29329936990109473 0.04940975193611535 0.19591557160952658 0.040061933488964425 0.010430993897838062 0.006786479844190819 0.14824385920071917
crash:0.004338705448838348 0.12661869979339152 0.03098504521147474 0.36718220146404 0.03731567653915928 0.005801603021101047 0.1257819490244631 0.09750360666995732 0.01403183265575072 0.0432607090891006 0.08578702485553823 0.061392946227185094
all-terrain:0.05465129038473185 0.1881921645103272 0.12125527503188456 0.04694528755787911 0.02963626017049015 0.09844592268208152 0.1553229262088383 0.04844222218905171 0.058925035456711086 0.09396784455541805 0.07109873109676271 0.03311704015582383
mud:0.0025979522857200485 0.05346348988342502 0.29641372095094237 0.06996286636584112 0.029476053999390937 0.06621780489078416 0.030310255826627407 0.29905435544929 0.11278357734976713 0.008181740488626516 0.028079448650644715 0.003458733858940724
low-profile:0.0027280800811346614 0.08625882494857252 0.01161321660069254 0.03024830737165154 0.06188597202228987 0.0016968950830094087 0.17466711887116682 0.14909263471379103 0.06311819454796687 0.07404911767929846 0.04073044559532178 0.30391119248510456
performance:0.10188320353931737 0.1514912659233417 0.026642092327297057 0.08463070623880707 0.37619701658649096 0.11077935732515712 0.05040000310325614 0.004335476996673773 0.025704970601273646 0.014532733111247437 0.014128090333492988 0.03927508391364488
5 5 3 3 5 1 5 1 2 4 5 4 1 3 2 2 2 1 1 3 3 1 5 3 2 5 1 5 4 4 5 1 4 1 3 3 4 3 5 4 1
0.2946000485503308 0.060138916882453784 0.01163179921124803 0.019273476157201264 0.2767150673187543 0.0277680936193202 0.06662065234906966 0.243251945911622
