4
0.86 2 1
30 90
dirt-straight-hilly:8,15
dirt-straight-flat:3,6,9,23
dirt-slalom-hilly:2,11,22,29
dirt-slalom-flat:5,13,19,21
asphalt-straight-hilly:4,10,16,20,26
asphalt-straight-flat:17,27
asphalt-slalom-hilly:1,14,24,25
asphalt-slalom-flat:7,12,18,28,30
5
mazda:0.012073967439078154 0.2600880863569313 0.1966757305850971 0.03498365079173871 0.050726493668780744 0.10868810400295584 0.1022208282761391 0.06326383884043532 0.06559998591809792 0.013547763450915691 0.007325603128202947 0.08480594754162708
toyota:0.10370938225228862 0.04966235439460876 0.14045751103149065 0.0390047076534621 0.10286998577470795 0.13711372396932844 0.0187179065959204 0.029082299444190978 0.03900706831226911 0.047983954608951614 0.27169989868990546 0.020691207272875864
ferarri:0.07285289102966067 0.05124851191280823 0.06631355035237808 0.14801979402694168 0.13460585871107505 0.0625076446229257 0.0975313499042415 0.22920387101795986 0.07325191574832526 0.0031184439898938408 0.05041233211300659 0.010933836570783706
humvee:0.12440790174360428 0.02126266846233508 0.09771305764728908 0.0887270209479353 0.3133501206255802 0.03757394395799778 0.047784317504747105 0.10466286237394734 0.01924340228310898 0.03955121526286575 0.027287457070777867 0.07843603211981126
go-kart:0.0737287450043043 0.05673102496022584 0.04767183121788161 0.19278880684390384 0.09428502152902139 0.1536945543622582 0.07890220590381564 0.003976444199886399 0.12782804237291254 0.030514944651207503 0.04985847041458724 0.09001990853999539
5
stig:0.0687657409683999 0.24810672783701124 0.0019182979330892595 0.06360136168791701 0.009674864271279513 0.060173358426659336 0.08133272589621872 0.034742880145822296 0.0842451501568578 0.034832313440721005 0.026851968099364666 0.2857546111366594
schumacher:0.011720479775525733 0.04086214610986191 0.03838277715910655 0.10325639346441991 0.07873512330933467 0.08217830027451287 0.07532290160504629 0.10319602839063695 0.011984315961884432 0.1776355431400376 0.11392467225065282 0.1628013185589801
anakin:0.13369316020712163 0.11774147619712114 0.14131866415847594 0.030912690548901868 0.01692699697118335 0.028551206214353964 0.09892724771560768 0.23894066268690362 0.004351473094988248 0.02857520664311321 0.0005998564479695408 0.15946135911425985
mushroom:0.1367377861146809 0.12631062427494816 0.044046992156124815 0.10908666382800168 0.16059087095283617 0.03778182504739737 0.014050305250916774 0.034909201764631324 0.1875218385001987 0.026419506441592487 0.11235692192186988 0.010187463746801637
crash:0.006111501384916034 0.003471982607744849 0.043768346763947634 0.12520379504844 0.09417721365655018 0.2842717461983048 0.0319199642780305 0.19522152772424856 0.055576656304538896 0.14774379268859184 0.007718427924001388 0.0048150454206852015
all-terrain:0.13672466795961247 0.18974987256214354 0.03670550723938502 0.021823964770013186 0.05145524006376921 0.10154260461588319 0.06642596651063394 0.030643245232328017 0.029188135371630387 0.13958199853001105 0.10211292953964148 0.09404586760494837
mud:0.057983305881335996 0.06835877831697607 0.06456902185921051 0.01674457917112649 0.03395408302553223 0.018536248149295446 0.10743281309392311 0.057291180548549515 0.12600688535124627 0.21885463789732337 0.22431400676776744 0.005954459937713692
low-profile:0.07305362999589336 0.009550075313313578 0.0894146352385125 0.05887051676813145 0.0857640064928012 0.25495864481275066 0.0582084918412532 0.10459490913492364 0.14913730378118803 0.07793766965626098 0.025295308276103212 0.013214808688868379
performance:0.08138351398101876 0.10554919529556046 0.05122419243471384 0.018098752066375328 0.17812863248900274 0.19575426609462404 0.004312512792208025 0.1716441916561316 0.0913765053615885 0.024065698449919567 0.0353431355945692 0.04311940378428784
2 1 3 5 1 1 3 2 1 2 1 3 1 4 5 1 5 5 4 1 4 2 4 2 5 1 3 4 3 5 5 1 1 4 3 5 4 1 2 3 3
0.1578384137596315 0.028644757213000124 0.15810192788941624 0.31984167954864196 0.03688258721777722 0.04346165603476911 0.07158276345993883 0.1836462148768249
