4
0.91 1 1
30 90
dirt-straight-hilly:6,11,23
dirt-straight-flat:2,30
dirt-slalom-hilly:7,9,10,25,26
dirt-slalom-flat:4,8,14,16,18
asphalt-straight-hilly:1,21,29
asphalt-straight-flat:
asphalt-slalom-hilly:5,12,13,20,24
asphalt-slalom-flat:3,15,17,19,22,27,28
5
mazda:0.07789476004427034 0.061791836373867384 0.001632743165804065 0.01007195971475379 0.17402365657538854 0.038426590954890476 0.036160552994564575 0.059703035150491995 0.20913266587543167 0.032741647736685975 0.2899448498132459 0.008475701600605368
toyota:0.023690511384502795 0.01914100060670182 0.026291053192457267 0.2070529858089991 0.03504978605123202 0.28653631517612527 0.15368998144826532 0.015073139781846283 0.08510518039520078 0.05149145116396488 0.07075566556055415 0.026122929430150398
ferarri:0.05111470872713959 0.263854217183325 0.09185101738575945 0.08647477489937368 0.12596752724894622 0.07739100364527615 0.003734639727751374 0.007289096059667873 0.007982719870967537 0.06129965654648947 0.04584029862263623 0.17720034008266733
humvee:0.1121773812888114 0.003133594584172833 0.037948230058588085 0.1334633213990588 0.007135007368003895 0.029079027636162134 0.016840647554792698 0.025352020048252627 0.2977998331867557 0.04447922627539537 0.0651913430262147 0.22740036757379167
go-kart:0.09423983355651869 0.006104110315276533 0.3184544424619451 0.06625531618188167 0.06085843197244848 0.09732839180915147 0.043326365846876734 0.007999344317084156 0.06139406481677466 0.10373743353194875 0.017799576951642544 0.12250268823845109
5
stig:0.008608568382442002 0.07403225687285123 0.05985593482204962 0.06503140982937063 0.0159515773664657 0.5406310654230301 0.05954116177397529 0.05965553726305211 0.05439366028801491 0.029407213189607324 0.009898925021286706 0.02299268976785424
schumacher:0.007152673294927838 0.04960929251537214 0.013943400169221652 0.11150966734443316 0.03092071621431644 0.11231630760770822 0.22462108308556247 0.037537059674802545 0.21518796377526195 0.06197226475596224 0.05619164011467974 0.07903793144775167
anakin:0.11096182734377685 0.17715316081780236 0.17224291910408737 0.08008838485935312 0.1438442419923749 0.019164247030413695 0.03416679538305256 0.04430970495314383 0.05105471933324265 0.00959512734481495 0.15376231814598734 0.0036565536919503684
mushroom:0.09157197593376487 0.1280541423697741 0.010293024041786489 0.13915966170272656 0.031204333485156718 0.22927753482148783 0.1364616553622988 0.10148677790688962 0.039697691709021814 0.004669961920155251 0.06637694675457725 0.02174629399236089
crash:0.03334659406445748 0.1237478755770412 0.036132424109816465 0.018819449972632088 0.10454932385598562 0.1312194379798786 0.17308632872359303 0.12651886954299724 0.08134402440898099 0.0013804658248414384 0.16172034982276554 0.008134856117010076
all-terrain:0.06771870153714543 0.08574644794845727 0.054163169232174194 0.0915385272767833 0.19666511328647163 0.25932225486679555 0.021698768019623806 0.00231839185460369 0.05377867506132251 0.07361010973505236 0.07618968966900769 0.017250151512562553
mud:0.032393239755259644 0.2605181509165497 0.056440506825083496 0.026444505278237492 0.10436398211254747 0.11047141181172795 0.03888223912771983 0.06184252107571161 0.027545926097595323 0.05180729584927545 0.0029659739735249193 0.2263242471767671
low-profile:0.00577360012432131 0.05638629092290013 0.0049441523942557256 0.08802884105778576 0.27870771220355667 0.04220754192037068 0.2560823444880674 0.056531389431185096 0.07055669610427201 0.12994787274623915 0.004750128307533373 0.006083430299512831
performance:0.015476529155834275 0.24936458163394046 0.06726719160805393 0.0806787765800417 0.06574782962238536 0.06780696557846597 0.16770696557420087 0.025498000154487815 0.167484757642739 0.05729363820145373 0.026430447316580046 0.00924431693181682
3 4 1 2 3 2 2 4 4 3 3 1 2 3 4 1 2 4 2 3 5 4 2 1 4 5 3 4 3 1 4 3 3 3 3 4 4 5 2 3 3
0.010205243647857565 0.08588638950932193 0.11722726852604766 0.049983985877903106 0.15341447158006558 0.4246559508878468 0.1368011001628158 0.021825589808141543
