4
0.95 2 1
30 90
dirt-straight-hilly:7,15,18,21,24,30
dirt-straight-flat:4,10
dirt-slalom-hilly:1,5,12,13,14,25
dirt-slalom-flat:3,19,26
asphalt-straight-hilly:27,28
asphalt-straight-flat:6,9,11,20,29
asphalt-slalom-hilly:8,22
asphalt-slalom-flat:2,16,17,23
5
mazda:0.09166052134642137 0.1268430285159986 0.004768747103075405 0.20418140087494632 0.0014264089779434538 0.0779597542533 0.1000818455194758 0.030352807956505932 0.28588767814314087 0.005736863274291721 0.050890886315959394 0.020210057718941233
toyota:0.03793398286916117 0.04383356213735975 0.2369758237940523 0.0021037026721740758 0.07558325346249073 0.012644723483425277 0.14646408537275754 0.03951377213839309 0.08064022270992177 0.006594104549984483 0.055632543476869266 0.26208022333341074
ferarri:0.09682610179830442 0.009900843103494697 0.172039132601092 0.08519277282926016 0.016337564453098728 0.00386400717212106 0.09407149665060069 0.09579043611269338 0.07533551463901499 0.04719557301380462 0.21920498600743366 0.08424157161908163
humvee:0.1283568494908301 0.06689367911010133 0.17074060329314203 0.01365681759725799 0.07336240114970786 0.015487832024461844 0.2541428831667818 0.0032788947302525213 0.051324551962218294 0.09959116760847009 0.03155413213784428 0.09161018772893183
go-kart:0.010193271211116722 0.059738426021299876 0.12795213279636455 0.08040570228388047 0.07313700605217484 0.052134309050323895 0.08289971295243544 0.0681768185004772 0.19458622129742137 0.1438689882654892 0.02565813865708975 0.08124927291192661
5
stig:0.06518092463558278 0.22177343399666713 0.15989760631585004 0.11846306114961212 0.02715697716307885 0.0030411511652281113 0.16771918208253742 0.041756552797745476 0.044223189907576545 0.007455500468614524 0.024166626791760803 0.11916579352574624
schumacher:0.01418269630130831 0.057172008414596166 0.6245991717045656 0.03344730348295463 0.007182479941503761 0.008976789772201742 0.017407860878867653 0.005738708319440434 0.07256748601400012 0.06556568069363085 0.03419009651499485 0.05896971796193596
anakin:0.44093136370462943 0.06513683170017064 0.11825556226642209 0.025614945372011835 0.03987155855544424 0.027396857721229618 0.016986330070818453 0.0511395311793165 0.005877962666441931 0.16496625900749787 0.011971874748888537 0.03185092300712909
mushroom:0.1391403212980031 0.2222037056525811 0.07248939817671196 0.0051501527368776005 0.004774110973732958 0.05473591969755451 0.18661968327685813 0.018540166898988058 0.021077809037438854 0.02059934936263055 0.03815909653935462 0.21651028634926855
crash:0.16240906999233182 0.10388008505273738 0.050744120767701476 0.055933666359939745 0.049086710748432495 0.1386168183085689 0.08708815314615728 0.10658978202508004 0.06295741728731691 0.0020780987407546083 0.12227588367135285 0.058340193899626504
all-terrain:0.04016393388667965 0.14871360578516418 0.07176458938610474 0.21566352175736545 0.06680598773029607 0.10840500805643453 0.0440467854014967 0.0838961655925262 0.0064662480029957945 0.021739632682735866 0.06512966948232944 0.12720485223587127
mud:0.07714250238168438 0.3772770602333771 0.002261769494783665 0.02726290994119552 0.00019459900979926513 0.006123034839621669 0.3607026545943712 0.016069998388954312 0.0008879637784460165 0.07366806353771643 0.004175092941931012 0.05423435085811941
low-profile:0.015343925625229822 0.11596947873499594 0.030927719272008523 0.24340973841148045 0.1473409727814962 0.04548167074572836 0.08435043470715396 0.04751619774390476 0.021064324747331817 0.14300920172084414 0.01038549153428708 0.09520084397553882
performance:0.11894799165914796 0.025355714829784177 0.1928016768711936 0.026469250171248196 0.07649411463583396 0.039769803986152194 0.028614426407975877 0.17848043157849094 0.17447928053500042 0.019225389154722328 0.10679465157579343 0.012567268594657118
4 1 5 3 4 5 1 2 4 2 3 4 3 3 5 5 3 1 2 3 2 1 4 5 1 3 4 5 1 3 5 1 4 3 5 3 2 2 1 5 5
0.26259411326727594 0.3386784760770301 0.017080749761832322 0.10552953870178663 0.14779115470516632 0.012111912827184343 0.1001531233018477 0.016060931357876868
