3
0.64 2 2
30 90
dirt-straight-hilly:13
dirt-straight-flat:2,14,18,21,24,25
dirt-slalom-hilly:17,27
dirt-slalom-flat:5,8,9,10,15,16,28
asphalt-straight-hilly:3,7,26
asphalt-straight-flat:20
asphalt-slalom-hilly:1,6,23
asphalt-slalom-flat:4,11,12,19,22,29,30
5
mazda:0.06783657380825503 0.037892036593356514 0.07680217301636671 0.13988575651248514 0.0720342961612916 0.03862412159982204 0.14388983023918336 0.04106700959020166 0.12114078008957227 0.060903203359537895 0.17720257885234986 0.02272164017757773
toyota:0.0047367696284030016 0.06964901209107756 0.03708494331864059 0.09329092327862641 0.11987811803268093 0.12376865136946671 0.010570184977946494 0.026827217168714022 0.12273835700176379 0.11390344922391304 0.057800025737844596 0.21975234817092282
ferarri:0.07937598974274322 0.08413379447172592 0.0030021137668288576 0.16348403872782333 0.0041798312503298005 0.04815210271384943 0.016208826710413418 0.023461195442088887 0.013513627048759797 0.25227466180601466 0.1543686872351323 0.15784513108429032
humvee:0.11091433291247228 0.031612511142026005 0.06847627883046464 0.013358380489136037 0.19289829461447436 0.14429013973022026 0.007890811946745851 0.05652023341139273 0.05132584557760072 0.3006068777309237 0.007409163042613064 0.014697130571930351
go-kart:0.01908799213236281 0.0015659774077928827 0.15536278848122087 0.05521955810119452 0.09549364821248699 0.020750539331830957 0.01270141890712869 0.0392846757300117 0.0487569470153997 0.12246574821038719 0.07348173748789126 0.35582896898229255
5
stig:0.03340601752353839 0.09058933594883843 0.1842059296879075 0.05386716394564236 0.0040736320161482336 0.016824487821227915 0.11707898633558318 0.10245730082138932 0.08427421301056581 0.0930267165511533 0.21036555381389732 0.009830662524108271
schumacher:0.013916078080673399 0.2115382548946443 0.08453439056791993 0.14703182602783232 0.0599965254365869 0.07596254232750195 0.010458067666729116 0.09119721025249894 0.0703008763736907 0.11500515550016316 0.06276297711348075 0.05729609575827851
anakin:0.0076655197439111965 0.01785695368372671 0.01932243868816445 0.08937906678286649 0.014295893478350074 0.10390141918819706 0.08018819174505969 0.13547896917526328 0.01664540418687566 0.08683902172997789 0.3594472267030858 0.06897989489452155
mushroom:0.02685348050325451 0.06845879109319523 0.2700816058486647 0.053490895101435926 0.12112721648309634 0.06601000413110292 0.014758829813380564 0.10689259943563623 0.12921818210484237 0.02117799483467709 0.01769083818019844 0.10423956247051565
crash:0.021012380150034128 0.13002904187883665 0.25498600374521646 0.07456785065431719 0.1281423759324036 0.04997198454065392 0.035511154623151936 0.20988682989768534 0.0005139926492344613 0.032637586119394095 0.04480931534157908 0.01793148446749327
all-terrain:0.11354654247905023 0.025897731805454387 0.024463847262469265 0.03912143284896599 0.17658925305645498 0.18113668455787055 0.2221479801274372 0.015225345227150092 0.027976753675482226 0.020254694802687115 0.0830294036913322 0.07061033046564576
mud:0.03188754639757429 0.03942066944463096 0.06796542007999373 0.020807532048753484 0.03985674177021293 0.11112562630988608 0.05134011268485522 0.12955892290129448 0.007977290757703741 0.41461472843042635 0.06921292648736149 0.016232482687307113
low-profile:0.07510961872749464 0.15290233251762345 0.0161117187544585 0.12396850265805397 0.06900893853422405 0.04008355652239265 0.019693730920793805 0.2291573830392513 0.11626343168130139 0.056793710909539434 0.08649673031179278 0.014410345423074079
performance:0.044266694419674034 0.02898945054664491 0.20686766973289575 0.014232141933291025 0.09488612162260981 0.12283404925242394 0.17291976596006212 0.06089971502021759 0.054678467474130854 0.0102315859533433 0.0495650743198541 0.1396292637648527
3 5 4 5 5 5 2 3 2 4 1 5 3 4 3 1 4 3 3 2 4 1 4 5 3 3 4 2 5 3 2 2 4 5 4 1 5 2 1 5 1
0.12312358892421678 0.30259018821874906 0.18772574330343536 0.07792597067478162 0.03505799640184749 0.16168982991465555 0.046778488586057786 0.06510819397625649
