4
0.81 2 2
30 90
dirt-straight-hilly:8,10,11,14,27,29
dirt-straight-flat:7,23
dirt-slalom-hilly:3,5,21
dirt-slalom-flat:1,9,12,19
asphalt-straight-hilly:15,26
asphalt-straight-flat:17,18,30
asphalt-slalom-hilly:24
asphalt-slalom-flat:2,4,6,13,16,20,22,25,28
5
mazda:0.05661683806621493 0.18596286907476522 0.06437074515825751 0.0018728582292209324 0.033185456017408056 0.3306930297018146 0.1623075775093746 0.09214249981037038 0.0008218145007053899 0.021049023661795573 0.0301190574394056 0.02085823083066724
toyota:0.07754316394907335 0.02428149391483147 0.061695960119348914 0.005482717288182996 0.13456056399380506 0.2368788030280175 0.014413887514564155 0.18048663725913086 0.01075034196319572 0.006441745575014108 0.1683106972994269 0.07915398809540897
ferarri:0.026243519699005874 0.1950635123955177 0.06728872078857807 0.1766981759162754 0.12132609317804173 0.02923120415830407 0.010089245024992134 0.021366597657425615 0.07562815473122651 0.005104287732593832 0.23638319812409725 0.03557729059394185
humvee:0.020651458891330063 0.10077998562145053 0.042534722437765904 0.1606317127812456 5.320797611602498e-05 0.03959078464391775 0.08763338445454646 0.29227506614704585 0.07407449692783664 0.027796282794402768 0.027935845483558666 0.12604305184078382
go-kart:0.18156230969737525 0.0009908798874595616 0.029170123801623257 0.03641274887498066 0.10542284344119178 0.0337187300975939 0.008982093903276589 0.04318547337818373 0.139867838523728 0.10692567618580842 0.15350737833595765 0.1602539038728212
5
stig:0.19612888023933703 0.05418807625388643 0.13831227435431995 0.014671438067703876 0.022458373334538016 0.04087638593673762 0.015438545839188236 0.005967366842137809 0.17011815347683817 0.06020072465787033 0.0912871692840652 0.19035261171337742
schumacher:0.1708760157059555 0.1284304008245771 0.07179580211628012 0.02726352125733641 0.17331543814146463 0.10218586223013072 0.03510866691855975 0.07082384419450881 0.051512129626941655 0.03185810058353406 0.0899616342426778 0.04686858415803354
anakin:0.2459243634598069 0.11359774376328456 0.01131622276748184 0.10764745617997978 0.034682584504814075 0.01889224104366738 0.08674341034975326 0.07721889655058249 0.04875559061236061 0.04039529986468206 0.15578270512340095 0.05904348578018623
mushroom:0.04452877575277233 0.1014047803408229 0.09642640845622942 0.00650034594172949 0.0035453954046027413 0.014916055002431273 0.09898097870241655 0.08517027357696619 0.13377595524955121 0.006973887987800098 0.1202934862295255 0.2874836573551525
crash:0.12196380028949057 0.04457353423813785 0.05410274752898908 0.16698908542993118 0.002891053367283097 0.0034856963527059703 0.16403649878270307 0.14591476470689715 0.0063217118567677425 0.10986910330512198 0.16793748558904475 0.011914518552927474
all-terrain:0.0598239883015235 0.05340387045347108 0.31850133875624875 0.07298702671367491 0.06034775546791491 0.034792308490527606 0.002025481912475258 0.023029580837252216 0.0719176300410259 0.013809910889978096 0.1274439760072598 0.16191713212864794
mud:0.002395509663523639 0.13677844341432369 0.02284736080515647 0.08824888244354362 0.03400396896683426 0.2109583688210531 0.047167741566909914 0.028372060968184346 0.02995850313812404 0.09843747964597885 0.22339482905068286 0.07743685151568523
low-profile:0.07999807840328821 0.034740245106686746 0.028888976036998384 0.018185457468850932 0.08071208650121672 0.035002184944951796 0.2842618655322199 0.05595271817519219 0.11307496583347314 0.10065125227472087 0.0349522854601374 0.13357988426226353
performance:0.09845380170317124 0.10891053637624573 0.04206350927655103 0.17715091302257147 0.0391708930886927 0.1130530610247065 0.05825318889292685 0.02752957729895833 0.04885675208408375 0.0009396194236621885 0.1077991883919852 0.177818959416445
2 4 1 2 2 5 1 5 4 3 4 1 3 5 3 3 4 3 1 4 5 1 4 2 3 2 2 4 1 5 5 2 5 2 1 1 1 5 3 3 2
0.05915900938740577 0.3629975258237071 0.0460788211229642 0.05522642073213017 0.0020224281041131293 0.15450457598675216 0.06987969643982293 0.2501315224031046
