4
0.87 2 2
30 90
dirt-straight-hilly:10,13,28
dirt-straight-flat:14,15,21,24,26
dirt-slalom-hilly:4,6,8,9,29
dirt-slalom-flat:5,12,20,30
asphalt-straight-hilly:17,18,22
asphalt-straight-flat:2,11,19
asphalt-slalom-hilly:1,3,7,16,23,25
asphalt-slalom-flat:27
5
mazda:0.3808954437912064 0.018731056281266076 0.010717076770657235 0.014471789814703517 0.0848183108478286 0.04220124332936131 0.12441670855101898 0.11443714215549884 0.032759667876520744 0.02459473122493432 0.1425527941330858 0.009404035223918158
toyota:0.0016038596574917408 0.11483649922031336 0.03717054613541383 0.25110007847521615 0.06682452385715135 0.08865753419292471 0.04494237765812278 0.12099535733728317 0.12540679888562564 0.02515521827581036 0.047578658705197716 0.07572854759944926
ferarri:0.16181474714444502 0.007789090435430722 0.06890388717662864 0.11850544559085029 0.060781892092643314 0.06840951706619161 0.040922131361372835 0.10755868283746431 0.06130196010829391 0.1229040956884074 0.09376098628840283 0.08734756420986915
humvee:0.020058051290435405 0.030326151563859476 0.011331746390052695 0.10723379785598956 0.1780926719075381 0.16718013017243316 0.019410467039931406 0.00548673686801566 0.04719004079853942 0.386471008250852 0.005186825796365684 0.022032372065987564
go-kart:0.014293738090902095 0.13517679661570325 0.1703017940283177 0.021650489045515708 0.025181601680330918 0.10719174912177383 0.02503149231913775 0.018964892346051296 0.18696465201217943 0.17461069710834656 0.10923892004143121 0.011393177590310203
5
stig:0.09372476784079861 0.0513333519305131 0.03455985882721272 0.08099179998229829 0.053222731986653164 0.005576057050946486 0.0991864124104808 0.0027143781023003175 0.27037676497740776 0.00943937266616648 0.11855016164693996 0.18032434257828217
schumacher:0.03440459701813143 0.015446305545100802 0.13728528689381073 0.09163045119708366 0.1627939735215126 0.022620349236457084 0.09282599970371294 0.0016259395308303114 0.08311033673989096 0.08293150043336976 0.10479231442025658 0.17053294575984299
anakin:0.05160379438529038 0.11041016255121591 0.03488197046351501 0.20976960027692235 0.13630541046890043 0.2881753231974277 0.011797484363426067 0.04104568539509099 0.028982151035215637 0.04077965856698807 0.01619640812195367 0.03005235117405359
mushroom:0.08093387000756191 0.3421697918352643 0.021388130233401092 0.14942723244752942 0.0037037152404865705 0.007707999626352815 0.08368680173113313 0.018443385839667918 0.18237528940172143 0.022427733099844284 0.010429587186430906 0.0773064633506061
crash:0.14060828858582863 0.06895700977731363 0.3048393630054581 0.040299084524073214 0.10519628968960154 0.00822795221781129 0.045246802286017844 0.009068717464781552 0.20034484431265828 0.01870041312173462 0.030455197651512916 0.02805603736320813
all-terrain:0.006009059420098214 0.00708269577915773 0.029741316061855504 0.006318637396967082 0.004147175077046048 0.3454183913099706 0.15023061337255578 0.14994852551949334 0.04979882728727559 0.11241558801750776 0.029549383527287754 0.10933978723078462
mud:0.07740713021513325 0.0395145550365714 0.002449001810811235 0.1582986990640883 0.2143204826625651 0.11011446956597978 0.03741962641135823 0.055374028634947337 0.072278569279676 0.006493813971662491 0.10236720845573158 0.12396241489147514
low-profile:0.020670312152824125 0.011237470257424763 0.21496927980043104 0.02492222564442819 0.044844802029029164 0.07591054738901315 0.041983153630005446 0.214362108596362 0.01853157793305359 0.08399138009032037 0.1444321778907193 0.1041449645863888
performance:0.052870262818839685 0.12253175842606039 0.055413800019853056 0.05464217121084338 0.004769242863474953 0.11053735519894743 0.10835211869048307 0.0632705420392763 0.05203644227321232 0.08985595442618416 0.11401644164479537 0.1717039103880298
5 1 4 1 1 2 3 5 2 4 4 5 5 3 5 1 1 5 3 1 3 5 1 5 4 3 1 1 1 3 5 1 2 2 1 3 1 5 5 1 4
0.05770689099312754 0.17440082472263838 0.20495861031126042 0.2437842691601364 0.08999109175996045 0.18843278215693016 0.009028826211972535 0.03169670468397423
