4
0.53 2 2
30 90
dirt-straight-hilly:1,6,12,17,18
dirt-straight-flat:8,13,14,21,26
dirt-slalom-hilly:4,23
dirt-slalom-flat:5,11,25,28
asphalt-straight-hilly:19,22,27,29
asphalt-straight-flat:10,15,20,30
asphalt-slalom-hilly:2,7,24
asphalt-slalom-flat:3,9,16
5
mazda:0.016442858761243295 0.26025016247725186 0.08284751491481708 0.1192699566106174 0.2618411608118007 0.007008205280424969 0.024484674260568818 0.03499003210577219 0.11164589094988675 0.05291378109497199 0.023078264414245236 0.005227498318399592
toyota:0.0032793568508888158 0.06845184053238298 0.029090279159998032 0.04608153893170717 0.07162452719599763 0.02047796916781848 0.26134832180639006 0.3891395982293633 0.026324486178285384 0.019469802754937354 0.03448067827498012 0.030231600917250877
ferarri:0.01808071207663509 0.04694313058216875 0.03028366826581918 0.12470591576225888 0.008882047506388187 0.11114745720288632 0.015215151971212584 0.19400751435327257 0.2077027341859389 0.10332536478830712 0.0695450172162839 0.07016128608882835
humvee:0.058411633829885644 0.17740621006476845 0.005621660171246906 0.020934435315013537 0.005706558777363278 0.002870931370527395 0.0920999643665551 0.23247564729154374 0.14308810344716594 0.16029479153530107 0.07356015156884975 0.027529912261779244
go-kart:0.09673113640543964 0.0020517459037080834 0.11420359603027244 0.0870739940314827 0.17689223684230862 0.008725969717377404 0.07109788289079486 0.04784578433969641 0.0901060880361745 0.019401057801983663 0.20687939240471803 0.07899111559604362
5
stig:0.09125841157608612 0.06641535970102438 0.07103043403805571 0.02613685440349819 0.01296750924177832 0.08036565926193551 0.33661809365641526 0.15484234019944923 0.057078455748321065 0.027959584907971527 0.07486272766123253 0.0004645696042322587
schumacher:0.018940812232667942 0.08798445811178573 0.0090758121782803 0.08965785194840255 0.06208344338451209 0.056806255324648246 0.1676913235920636 0.05394695118367056 0.07055032303696747 0.07574065250095566 0.19608676130036776 0.11143535520567814
anakin:0.23666325471451324 0.15270541431542248 0.01827421629058753 0.04731230697801552 0.09503814310231183 0.015145941235772132 0.02739289385726408 0.0036597707171708424 0.09948237610786766 0.12466051536928416 0.13362674144564787 0.0460384258661427
mushroom:0.08311235893343555 0.0553029914173877 0.07392959810560464 0.02416775454175262 0.17272163406107952 0.03332136958023045 0.03943373621760015 0.10572943622350897 0.0197907931097826 0.031181010766160134 0.053664891989205474 0.30764442505425216
crash:0.0021946795054233726 0.12012859392885218 0.0007132716827574607 0.0677486763630931 0.09045978564819822 0.3115609167528368 0.09414306417434398 0.006388422878841996 0.013358312728038913 0.149377293928228 0.1121149251569809 0.03181205725240505
all-terrain:0.0963975370746003 0.035305858129158145 0.1671788226070908 0.009893120128694703 0.1326082927025004 0.023028317337321594 0.06796958138722835 0.02762630689844537 0.0425524223172836 0.1069146220503993 0.14356788983755564 0.1469572295297217
mud:0.02887015427237897 0.18598525418640657 0.12628429110271377 0.03893920580043477 0.051674349251969766 0.006677259727695334 0.1694534559684406 0.0915746991680186 0.028008541495749835 0.07148373544412305 0.18824558822666798 0.012803465355400879
low-profile:0.07718381254775532 0.11793017255374652 0.02453652953086318 0.06667074497588767 0.007916027888232677 0.031143011315841993 0.08856358519808849 0.1242349611149345 0.21015387454526102 0.09995972665938045 0.0939808851941209 0.05772666847588741
performance:0.13093226456387227 0.1190083473758286 0.0048590385116503605 0.11069929575811502 0.025642058551068256 0.020015579256950137 0.015381511652905003 0.09036938501728242 0.015523891489131516 0.0156182349954571 0.15299885378012054 0.2989515390476187
5 2 2 1 5 2 1 4 2 2 3 1 2 2 3 2 2 1 4 4 3 5 5 3 4 1 4 3 2 3 4 5 3 5 5 4 5 5 5 2 1
0.1391407228008051 0.37382609408233636 0.08088638883692206 0.21888429065912823 0.05454154905464268 0.06230142287963583 0.03195682005210996 0.03846271163441987
