3
0.75 2 1
30 90
dirt-straight-hilly:15,26
dirt-straight-flat:2,5,27
dirt-slalom-hilly:21
dirt-slalom-flat:30
asphalt-straight-hilly:3,4,11,17,22,29
asphalt-straight-flat:6,9,12,23
asphalt-slalom-hilly:1,7,10,13,14,25
asphalt-slalom-flat:8,16,18,19,20,24,28
5
mazda:0.06360549093497181 0.14133921455714266 0.08047485587534378 0.04730738551054026 0.10752162058701827 0.13135173845491627 0.12359280331799248 0.02651974683966867 0.06277485386007949 0.031041985775227533 0.08552412761986226 0.09894617666723628
toyota:0.0994968290225859 0.06965870320286213 0.0012014463471509199 0.014093555551525505 0.14279452724062547 0.19470077803680724 0.018848721232916713 0.11921487487400459 0.0569190952338317 0.15669652165637582 0.11531883567691345 0.011056111924400484
ferarri:0.05545465303857501 0.08397175879222349 0.006477341131418087 0.13172980081618157 0.02016812112078973 0.08712734047250136 0.05894476978750875 0.25553389159745626 0.07596567322156131 0.013669777167132817 0.12528210620618602 0.08567476664846561
humvee:0.1069481603603516 0.010477024414843742 0.02608106585801855 0.05904492482595564 0.04661840075444607 0.2553052993766165 0.049262584979388326 0.24744462066987608 0.009105694082783063 0.014308017881103991 0.1728875264464198 0.0025166803501967833
go-kart:0.017314361270547873 0.09040362024743355 0.011535825304559644 0.09391136352249302 0.21697100084191334 0.1056998235634237 0.17840376803122596 0.0145454989302617 0.23293127331273 0.01575427050887645 0.006886717538307272 0.015642476928227553
5
stig:0.05733189559048674 0.07164793578254332 0.06271394142676144 0.008152730069017395 0.0717689061385664 0.23228376282452165 0.07932996851908107 0.05974930227058106 0.1313397716692111 0.15068704845821432 0.04113204618543018 0.033862691065585385
schumacher:0.05911390742479747 0.06321183636404083 0.0685907526440771 0.04320622817605117 0.0012746161735604116 0.13003287463948263 0.006127289190092238 0.06648985915754113 0.16505233858997703 0.023253253003370132 0.32171364680882136 0.05193339782818847
anakin:0.038674972772506866 0.009345420499067685 0.19364409062264668 0.19957206277902698 0.04673472360129076 0.05334498881571479 0.05154780412536081 0.0013058137954005324 0.0077269695521902425 0.22879599322008992 0.1037816800557136 0.06552548016099108
mushroom:0.010642640118718572 0.08809706705833144 0.28078310496289666 0.03357080792125694 0.06790245847369898 0.006418714296293565 0.05852384307832963 0.05516227216640786 0.0733460658878083 0.2650508646807611 0.02781667185916308 0.03268548949633379
crash:0.17636560370059834 0.007327011699502728 0.1198949123352008 0.009387199116519241 0.09066686053895233 0.01836483723050951 0.08893897712965622 0.021790870292105288 0.0660575792941136 0.08990683177905748 0.21576798694131222 0.09553132994247242
all-terrain:0.026381654548204337 0.060649076406288235 0.08914628450708667 0.05973577116108126 0.033823642272434194 0.019292399720357713 0.4608870662715966 0.018759537354012413 0.10917187973363998 0.033952871668739115 0.07045393848722344 0.0177458778693359
mud:0.05877417233569181 0.15241982332675044 0.11001161676216152 0.030506859801338597 0.09380481992533643 0.06670807273314523 0.03445368870833507 0.16516143610534262 0.04595345872460981 0.03904352257080873 0.054228641583683644 0.14893388742279606
low-profile:0.14248241795774336 0.017070639344201548 0.09554888582394151 0.18649817957880024 0.004781801633412661 0.1069273092567775 0.03621029209480035 0.12869913989789547 0.06992229104737255 0.006889752658457751 0.035676325039380154 0.1692929656672171
performance:0.02038298660651564 0.0605524370227321 0.061599739238072354 0.28553924975896394 0.042282504971612074 0.1811960568496129 0.021176931521960506 0.07204923906051915 0.03054731394551989 0.044887717196907796 0.1704737925193674 0.009312031308216286
1 2 1 4 2 1 1 2 2 4 2 5 5 4 2 5 4 3 4 3 1 2 3 4 4 3 1 3 3 4 3 3 5 5 4 5 1 4 2 5 2
0.27732191622237 0.13261172399243512 0.16556271333001388 0.003424266431334732 0.13827953215200295 0.08781988360313203 0.1289891391050417 0.06599082516366958
