4
0.93 2 2
30 90
dirt-straight-hilly:14,25
dirt-straight-flat:8,9,12,15,20,22,29
dirt-slalom-hilly:11,18,21,26,30
dirt-slalom-flat:1,2,3,13,16,28
asphalt-straight-hilly:10,19,24,27
asphalt-straight-flat:4,17
asphalt-slalom-hilly:
asphalt-slalom-flat:5,6,7,23
5
mazda:0.045322323667011374 0.03384305707006814 0.008238796348817573 0.08290496983531699 0.17877489964902557 0.008120341823910773 0.10136708956655723 0.2426343444179007 0.04267093112693762 0.04761747423381675 0.022239561753003113 0.18626621050763395
toyota:0.07982483335766721 0.048189643726017466 0.06627960749699972 0.04942932749204905 0.1537038838017663 0.046598924085666 0.050433219560887116 0.2585016033293332 0.005158595178525972 0.03532132243580445 0.015668983834626015 0.19089005570065748
ferarri:0.056822345545857716 0.15439131924926433 0.04460220008396231 0.02021670717741474 0.037580331732069594 0.1405203559725701 0.14696764132295978 0.03479249803770276 0.0724472455227212 0.05487969358167126 0.1575910174066938 0.0791886443671125
humvee:0.22834969252070572 0.010368625750018796 0.04637270096211505 0.23630288351082632 0.03261095596006913 0.03403024026329211 0.1277992214999712 0.007672358754103166 0.22477799620729752 0.03385291967209465 0.01319223388522264 0.0046701710142836505
go-kart:0.06112126043757148 0.17725571053797923 0.2164524510680298 0.05882735733662741 0.11136901757838927 0.07118205150590347 0.017940940310454335 0.03595289452599818 0.22977217791544674 0.006075016236062683 0.0026714569937286185 0.011379665553809154
5
stig:0.15967975240729457 0.026102857852907155 0.046100828461297566 0.1373638621861557 0.0717550620869961 0.04744643154653267 0.009627180966822331 0.02910015903271716 0.038510530778990054 0.28461828595025984 0.044747124959365565 0.10494792377066131
schumacher:0.026156539529887605 0.22515244801972198 0.1541005381894351 0.13645240639993106 0.0006173366371627173 0.03997121004718477 0.05093408464790491 0.07963910751122646 0.13634536680568882 0.0618721254870653 0.05078792766319671 0.0379709090615945
anakin:0.07849203178582942 0.00019248059482539733 0.05141912513233987 0.11811591141157159 0.04458000807833867 0.0030644414996572602 0.063898680607391 0.056232305023304285 0.02389751379580266 0.3653917655899572 0.17864657055776356 0.016069165923219268
mushroom:0.599617469504667 0.059915003118635186 0.07364291091443177 0.018841302099656575 0.01009419662189833 0.00878222234437664 0.06695402119167226 0.03734305304848873 0.08830273557077757 0.003352329460789605 0.019031803030640896 0.01412295309396521
crash:0.03397308544076443 0.04355042348710321 0.023246356211510586 0.12359117291867573 0.040423288405171356 0.016456129378442895 0.021743469958202966 0.28195501265982625 0.10318816676314706 0.021201719339891605 0.27858775930645746 0.01208341613080648
all-terrain:0.008472862941898465 0.03696346923266338 0.012534067651188805 0.09560665317945675 0.14453213450325805 0.0054168810716037465 0.10414193149605087 0.011772875529087472 0.2194115507307615 0.02528603492116702 0.15574646336726253 0.1801150753756013
mud:0.4011290735326546 0.005814467385782601 0.12027113167061954 0.038290603745186794 0.01008777678264635 0.08516419230877531 0.08437273954834269 0.07722274027214233 0.03679242841834283 0.03351125001848681 0.10221190476883309 0.005131691548187157
low-profile:0.025726297593075965 0.09382235006760546 0.35064817644768426 0.08919220230628737 0.014581973349388051 0.067937976698811 0.052939485985118384 0.021251093428106486 0.011262532767021815 0.07651533404548956 0.1456688424668179 0.05045373484459402
performance:0.048442774778194704 0.15645824085528037 0.028025046889912204 0.06807662923341802 0.0915462090977186 0.1032553587464059 0.051442398454632506 0.05036267907720944 0.17408543298465648 0.10065508212122617 0.011473205534908156 0.1161769422264374
2 5 1 4 4 5 4 1 3 2 5 2 5 4 2 5 1 4 1 1 2 2 2 3 4 4 1 4 4 5 1 3 5 5 4 2 2 4 1 3 3
0.17958038731033898 0.17649638381092528 0.26747409282502826 0.07011518184733742 0.09244293277772227 0.024400327907760064 0.16136478602089893 0.02812590749998893
