4
0.71 2 1
30 90
dirt-straight-hilly:6,17
dirt-straight-flat:1,4,7,9,15,24,27
dirt-slalom-hilly:5,12,25
dirt-slalom-flat:2,30
asphalt-straight-hilly:13,18,22,26
asphalt-straight-flat:3,8,16,19,21,28
asphalt-slalom-hilly:10,11,20,23,29
asphalt-slalom-flat:14
5
mazda:0.16773001671016952 0.0042810558904188695 0.08115333208275845 0.002884057189584461 0.10240661586845207 0.22732667179336952 0.05024256500253992 0.0028061734681325986 0.08440630809239816 0.009700361914868045 0.0639590691717589 0.20310377281554945
toyota:0.06389057256859765 0.06273676349098685 0.07720578192474441 0.02581152075451952 0.15291535266413636 0.150679039595098 0.02370102299849334 0.09660653741057514 0.07713552874357577 0.1503694364053518 0.06145398982584046 0.05749445361808075
ferarri:0.0054698460881904805 0.027865433518913976 0.020708581774206297 0.31772117582561427 0.05596162875122849 0.08986166985677016 0.12271386819425838 0.1339105038186769 0.033254444872525504 0.08050014684143 0.014362228477973134 0.09767047198021234
humvee:0.07586991628395474 0.005423429339752366 0.11758166621156176 0.047166436996866075 0.30665369666288395 0.03377912695871555 0.15997050661341028 0.0016458017724304333 0.06100881996597674 0.1118622895810369 0.000478347764379332 0.07855996184903191
go-kart:0.014713110619366395 0.043577178934215435 0.08989981986341744 0.010187186702171174 0.11417908758859016 0.1979375594854453 0.01898814905985168 0.013101427053490305 0.007867604281294573 0.17903508517601455 0.3052615391587674 0.005252252077375597
5
stig:0.02633557413851783 0.054152528709129365 0.0749249614735099 0.0005025038506457821 0.15571223804973558 0.00018078543420192754 0.051661943469447934 0.29041342571110085 0.11185919336531852 0.020829477474033353 0.15258480333577795 0.06084256498858114
schumacher:0.09061003233529319 0.12452203134682704 0.008352860545348013 0.1638138682737481 0.042223805215676084 0.1829439517790845 0.0003805208737723272 0.009227099688792819 0.008158484672185459 0.08852767857311307 0.012378782645995245 0.2688608840501643
anakin:0.19139561756768636 0.10006731543023176 0.03047563386222001 0.02204663509163797 0.024309064038576758 0.12857832806783237 0.06667611357216574 0.004128614883657176 0.03018095076630364 0.09004296744612228 0.06427518530325597 0.24782357397030996
mushroom:0.18219689421909732 0.15856434505446287 0.0480160757721887 0.026803977214898262 0.07580017907104043 0.03804203580078163 0.1166962008848967 0.00842838885774499 0.18267215235496176 0.03813749630518768 0.03435611170989749 0.0902861427548421
crash:0.1549369541817381 0.12448230794029966 0.0706815271943326 0.027395645083521086 0.007429790678400159 0.07904554588866702 0.013655297897794481 0.19726561794341624 0.0738886478397584 0.06870481427198441 0.125252471956511 0.05726137912357685
all-terrain:0.15707642511489225 0.013132112930301127 0.018031973721665675 0.092911337628083 0.0997919445385695 0.03486513970088836 0.012236950241943378 0.26960803211988765 0.0655176518982741 0.027744408962898585 0.14697270820375574 0.062111314938840645
mud:0.0010660133556689407 0.09644037222085247 0.051448161579094556 0.04706299588001584 0.21662545571517489 0.0011474979878483664 0.007897257687045179 0.3095378711705071 0.19114744591400748 0.040149926823343056 0.02547615448401719 0.012000847182424952
low-profile:0.07085132740328089 0.08584150894767947 0.31723246271186095 0.02949793735668427 0.006908922013399745 0.058186644948413954 0.042754809501569103 0.045163913609540925 0.030781564203230815 0.010639924654418008 0.206402784641824 0.09573820000809798
performance:0.10251465713158017 0.29494967445543985 0.01532805196091508 0.08137135469847795 0.0014822507859120562 0.01305605138785109 0.10396911268645331 0.04982133647927929 0.03977307778148618 0.13563790189193956 0.16147691801653907 0.0006196127241262238
5 5 2 5 5 4 2 5 3 2 3 5 5 5 3 1 1 4 1 5 3 4 2 5 5 2 4 3 1 4 4 2 2 1 2 2 3 2 2 4 2
0.09878121992756454 0.023482179878622698 0.20656904650971528 0.2921810586276604 0.15197586248411085 0.016803156060632065 0.09384239177851099 0.11636508473318309
